100
2
0
3.141592653589793
-0.9997137267734413
-0.9984919506395958
-0.9962951347331251
-0.9931249370374434
-0.9889843952429918
-0.983877540706057
-0.9778093584869183
-0.9707857757637063
-0.9628136542558156
-0.9539007829254917
-0.944055870136256
-0.9332885350430795
-0.921609298145334
-0.9090295709825297
-0.895561644970727
-0.8812186793850184
-0.8660146884971647
-0.8499645278795913
-0.8330838798884008
-0.8153892383391762
-0.7968978923903145
-0.7776279096494955
-0.7575981185197072
-0.7368280898020207
-0.7153381175730564
-0.693149199355802
-0.670283015603141
-0.6467619085141293
-0.6226088602037078
-0.5978474702471788
-0.5725019326213812
-0.5465970120650941
-0.520158019881763
-0.4932107892081909
-0.4657816497733581
-0.4378974021720315
-0.4095852916783015
-0.38087298162463
-0.3517885263724217
-0.3223603439005291
-0.292617188038472
-0.2625881203715035
-0.232302481844974
-0.201789864095736
-0.1710800805386033
-0.140203137236114
-0.1091892035800611
-0.07806858281343663
-0.04687168242159163
-0.01562898442154308
0.01562898442154308
0.04687168242159163
0.07806858281343663
0.1091892035800611
0.140203137236114
0.1710800805386033
0.201789864095736
0.232302481844974
0.2625881203715035
0.292617188038472
0.3223603439005291
0.3517885263724217
0.38087298162463
0.4095852916783015
0.4378974021720315
0.4657816497733581
0.4932107892081909
0.520158019881763
0.5465970120650941
0.5725019326213812
0.5978474702471788
0.6226088602037078
0.6467619085141293
0.670283015603141
0.693149199355802
0.7153381175730564
0.7368280898020207
0.7575981185197072
0.7776279096494955
0.7968978923903145
0.8153892383391762
0.8330838798884008
0.8499645278795913
0.8660146884971647
0.8812186793850184
0.895561644970727
0.9090295709825297
0.921609298145334
0.9332885350430795
0.944055870136256
0.9539007829254917
0.9628136542558156
0.9707857757637063
0.9778093584869183
0.983877540706057
0.9889843952429918
0.9931249370374434
0.9962951347331251
0.9984919506395958
0.9997137267734413
0.0007346159230670286 0.001709548722513517 0.002683723353612772 0.003654867258710282 0.004623439538189864 0.005587304093580405 0.006546881450733857 0.007499249665464391 0.008443091315634378 0.009380132468664345 0.01030799827701867 0.01122515470606984 0.01213154228283007 0.01302593266883394 0.01390774088968018 0.01477587508288127 0.01562961990789156 0.01646808650254663 0.01729046067338517 0.01809594072184045 0.01888373962342153 0.0196530874806685 0.02040323264506927 0.02113344211257159 0.02184300241626119 0.02253122025633559 0.02319742318525362 0.02384096026596846 0.02446120270795706 0.02505754448157958 0.02562940291020812 0.02617621923954567 0.02669745918357096 0.02719261344657688 0.02766119822079239 0.02810275565910117 0.0285168543223951 0.0289030896011252 0.02926108411063828 0.02959048805991265 0.02989097959333283 0.03016226510516915 0.03040407952645481 0.03061618658398045 0.03079837903115259 0.03095047885049099 0.03107233742756651 0.03116383569620991 0.03122488425484936 0.03125542345386335 0.03125542345386335 0.03122488425484936 0.03116383569620991 0.03107233742756651 0.03095047885049099 0.03079837903115259 0.03061618658398045 0.03040407952645481 0.03016226510516915 0.02989097959333283 0.02959048805991265 0.02926108411063828 0.0289030896011252 0.0285168543223951 0.02810275565910117 0.02766119822079239 0.02719261344657688 0.02669745918357096 0.02617621923954567 0.02562940291020812 0.02505754448157958 0.02446120270795706 0.02384096026596846 0.02319742318525362 0.02253122025633559 0.02184300241626119 0.02113344211257159 0.02040323264506927 0.01965308748979453 0.01888373960690358 0.01809594069214292 0.01729046046136594 0.01646808575173938 0.01562961990789156 0.01477588653376142 0.01390769364650599 0.01302593266883394 0.01213158704747117 0.01122515470606984 0.01030770037133882 0.009380603178079013 0.008443959782622091 0.007499895331506449 0.006546881450733857 0.00558854216299075 0.004623439538189864 0.003656153567309399 0.0026835912562349 0.001709420110072289 0.0007346422409825275
