0.0000000001618023 1.0000000000000000 
0.0000000000025748 0.6666666666666666 
0.0000000000001408 0.5000000000000000 
0.0000000000000148 0.4000000000000000 
0.0000000000000023 0.3333333333333333 
0.0000000000000004 0.2857142857142857 
0.0000000000000001 0.2500000000000000 
0.0000000000000001 0.2222222222222222 
0.0000000000000001 0.2000000000000000 
0.0000000000000001 0.1818181818181818 
0.0000000000000000 0.1666666666666667 
0.0000000000000002 0.1538461538461539 
0.0000000000000001 0.1428571428571428 
0.0000000000000001 0.1333333333333333 
0.0000000000000001 0.1250000000000000 
0.0000000000000000 0.1176470588235294 
0.0000000000000001 0.1111111111111111 
0.0000000000000003 0.1052631578947368 
0.0000000000000002 0.1000000000000000 
0.0000000000000003 0.0952380952380952 
0.0000000000000003 0.0909090909090909 
0.0000000000000002 0.0869565217391304 
0.0000000000000001 0.0833333333333333 
0.0000000000000003 0.0800000000000000 
0.0000000000000002 0.0769230769230769 
0.0000000000000006 0.0740740740740741 
0.0000000000000003 0.0714285714285714 
0.0000000000000002 0.0689655172413793 
0.0000000000000003 0.0666666666666667 
0.0000000000000003 0.0645161290322581 
0.0000000000000001 0.0625000000000000 
0.0000000000000003 0.0606060606060606 
0.0000000000000006 0.0588235294117647 
0.0000000000000004 0.0571428571428571 
0.0000000000000004 0.0555555555555556 
0.0000000000000006 0.0540540540540541 
0.0000000000000001 0.0526315789473684 
0.0000000000000004 0.0512820512820513 
0.0000000000000005 0.0500000000000000 
0.0000000000000002 0.0487804878048781 
0.0000000000000004 0.0476190476190476 
0.0000000000000005 0.0465116279069767 
0.0000000000000003 0.0454545454545455 
0.0000000000000003 0.0444444444444444 
0.0000000000000005 0.0434782608695652 
0.0000000000000004 0.0425531914893617 
0.0000000000000002 0.0416666666666667 
0.0000000000000003 0.0408163265306122 
0.0000000000000003 0.0400000000000000 
0.0000000000000002 0.0392156862745098 
0.0000000000000003 0.0384615384615385 
0.0000000000000002 0.0377358490566038 
0.0000000000000003 0.0370370370370370 
0.0000000000000008 0.0363636363636364 
0.0000000000000002 0.0357142857142857 
0.0000000000000009 0.0350877192982456 
0.0000000000000003 0.0344827586206897 
0.0000000000000008 0.0338983050847458 
0.0000000000000002 0.0333333333333333 
0.0000000000000003 0.0327868852459016 
0.0000000000000004 0.0322580645161290 
0.0000000000000010 0.0317460317460317 
0.0000000000000001 0.0312500000000000 
0.0000000000000010 0.0307692307692308 
0.0000000000000003 0.0303030303030303 
0.0000000000000008 0.0298507462686567 
0.0000000000000011 0.0294117647058824 
0.0000000000000002 0.0289855072463768 
0.0000000000000010 0.0285714285714286 
0.0000000000000003 0.0281690140845070 
0.0000000000000011 0.0277777777777778 
0.0000000000000011 0.0273972602739726 
0.0000000000000005 0.0270270270270270 
0.0000000000000007 0.0266666666666667 
0.0000000000000002 0.0263157894736842 
0.0000000000000012 0.0259740259740260 
0.0000000000000011 0.0256410256410256 
0.0000000000000002 0.0253164556962025 
0.0000000000000011 0.0250000000000000 
0.0000000000000012 0.0246913580246914 
0.0000000000000003 0.0243902439024390 
0.0000000000000004 0.0240963855421687 
0.0000000000000011 0.0238095238095238 
0.0000000000000010 0.0235294117647059 
0.0000000000000003 0.0232558139534884 
0.0000000000000011 0.0229885057471264 
0.0000000000000012 0.0227272727272727 
0.0000000000000007 0.0224719101123595 
0.0000000000000010 0.0222222222222222 
0.0000000000000011 0.0219780219780220 
0.0000000000000012 0.0217391304347826 
0.0000000000000002 0.0215053763440860 
0.0000000000000003 0.0212765957446809 
0.0000000000000009 0.0210526315789474 
0.0000000000000003 0.0208333333333333 
0.0000000000000008 0.0206185567010309 
0.0000000000000011 0.0204081632653061 
0.0000000000000003 0.0202020202020202 
0.0000000000000002 0.0200000000000000 
0.0000000000000002 0.0198019801980198 
0.0000000000000010 0.0196078431372549 
0.0000000000000001 0.0194174757281553 
0.0000000000000011 0.0192307692307692 
0.0000000000000010 0.0190476190476190 
0.0000000000000016 0.0188679245283019 
0.0000000000000017 0.0186915887850467 
0.0000000000000013 0.0185185185185185 
0.0000000000000016 0.0183486238532110 
0.0000000000000016 0.0181818181818182 
0.0000000000000011 0.0180180180180180 
0.0000000000000011 0.0178571428571429 
0.0000000000000006 0.0176991150442478 
0.0000000000000008 0.0175438596491228 
0.0000000000000016 0.0173913043478261 
0.0000000000000013 0.0172413793103448 
0.0000000000000012 0.0170940170940171 
0.0000000000000008 0.0169491525423729 
0.0000000000000011 0.0168067226890756 
0.0000000000000009 0.0166666666666667 
0.0000000000000010 0.0165289256198347 
0.0000000000000017 0.0163934426229508 
0.0000000000000003 0.0162601626016260 
0.0000000000000002 0.0161290322580645 
0.0000000000000003 0.0160000000000000 
0.0000000000000009 0.0158730158730159 
0.0000000000000005 0.0157480314960630 
0.0000000000000001 0.0156250000000000 
0.0000000000000004 0.0155038759689922 
0.0000000000000010 0.0153846153846154 
0.0000000000000017 0.0152671755725191 
0.0000000000000002 0.0151515151515152 
0.0000000000000021 0.0150375939849624 
0.0000000000000013 0.0149253731343284 
0.0000000000000017 0.0148148148148148 
0.0000000000000009 0.0147058823529412 
0.0000000000000019 0.0145985401459854 
0.0000000000000011 0.0144927536231884 
0.0000000000000017 0.0143884892086331 
0.0000000000000009 0.0142857142857143 
0.0000000000000018 0.0141843971631206 
0.0000000000000004 0.0140845070422535 
0.0000000000000016 0.0139860139860140 
0.0000000000000010 0.0138888888888889 
0.0000000000000005 0.0137931034482759 
0.0000000000000012 0.0136986301369863 
0.0000000000000004 0.0136054421768707 
0.0000000000000018 0.0135135135135135 
0.0000000000000021 0.0134228187919463 
0.0000000000000006 0.0133333333333333 
0.0000000000000016 0.0132450331125828 
0.0000000000000016 0.0131578947368421 
0.0000000000000010 0.0130718954248366 
0.0000000000000000 0.0129870129870130 
0.0000000000000017 0.0129032258064516 
0.0000000000000011 0.0128205128205128 
0.0000000000000001 0.0127388535031847 
0.0000000000000014 0.0126582278481013 
0.0000000000000001 0.0125786163522013 
0.0000000000000014 0.0125000000000000 
0.0000000000000019 0.0124223602484472 
0.0000000000000011 0.0123456790123457 
0.0000000000000016 0.0122699386503067 
0.0000000000000002 0.0121951219512195 
0.0000000000000017 0.0121212121212121 
0.0000000000000008 0.0120481927710843 
0.0000000000000003 0.0119760479041916 
0.0000000000000012 0.0119047619047619 
0.0000000000000014 0.0118343195266272 
0.0000000000000010 0.0117647058823529 
0.0000000000000027 0.0116959064327485 
0.0000000000000004 0.0116279069767442 
0.0000000000000026 0.0115606936416185 
0.0000000000000023 0.0114942528735632 
0.0000000000000006 0.0114285714285714 
0.0000000000000001 0.0113636363636364 
0.0000000000000002 0.0112994350282486 
0.0000000000000022 0.0112359550561798 
0.0000000000000026 0.0111731843575419 
0.0000000000000011 0.0111111111111111 
0.0000000000000020 0.0110497237569061 
0.0000000000000010 0.0109890109890110 
0.0000000000000006 0.0109289617486339 
0.0000000000000015 0.0108695652173913 
0.0000000000000029 0.0108108108108108 
0.0000000000000001 0.0107526881720430 
0.0000000000000011 0.0106951871657754 
0.0000000000000009 0.0106382978723404 
0.0000000000000028 0.0105820105820106 
0.0000000000000008 0.0105263157894737 
0.0000000000000026 0.0104712041884817 
0.0000000000000010 0.0104166666666667 
0.0000000000000011 0.0103626943005181 
0.0000000000000012 0.0103092783505155 
0.0000000000000010 0.0102564102564103 
0.0000000000000028 0.0102040816326531 
0.0000000000000022 0.0101522842639594 
0.0000000000000012 0.0101010101010101 
0.0000000000000017 0.0100502512562814 
0.0000000000000029 0.0100000000000000 
0.0000000000000020 0.0099502487562189 
0.0000000000000005 0.0099009900990099 
0.0000000000000026 0.0098522167487685 
0.0000000000000011 0.0098039215686275 
0.0000000000000004 0.0097560975609756 
0.0000000000000002 0.0097087378640777 
0.0000000000000016 0.0096618357487923 
0.0000000000000011 0.0096153846153846 
0.0000000000000022 0.0095693779904306 
0.0000000000000011 0.0095238095238095 
0.0000000000000005 0.0094786729857820 
0.0000000000000033 0.0094339622641509 
0.0000000000000011 0.0093896713615023 
0.0000000000000001 0.0093457943925234 
0.0000000000000024 0.0093023255813953 
0.0000000000000020 0.0092592592592593 
0.0000000000000023 0.0092165898617512 
0.0000000000000018 0.0091743119266055 
0.0000000000000033 0.0091324200913242 
0.0000000000000016 0.0090909090909091 
0.0000000000000012 0.0090497737556561 
0.0000000000000028 0.0090090090090090 
0.0000000000000008 0.0089686098654709 
0.0000000000000023 0.0089285714285714 
0.0000000000000019 0.0088888888888889 
0.0000000000000033 0.0088495575221239 
0.0000000000000023 0.0088105726872247 
0.0000000000000027 0.0087719298245614 
0.0000000000000028 0.0087336244541485 
0.0000000000000016 0.0086956521739130 
0.0000000000000023 0.0086580086580087 
0.0000000000000023 0.0086206896551724 
0.0000000000000018 0.0085836909871245 
0.0000000000000011 0.0085470085470085 
0.0000000000000032 0.0085106382978723 
0.0000000000000009 0.0084745762711864 
0.0000000000000035 0.0084388185654008 
0.0000000000000009 0.0084033613445378 
0.0000000000000028 0.0083682008368201 
0.0000000000000009 0.0083333333333333 
0.0000000000000010 0.0082987551867220 
0.0000000000000028 0.0082644628099174 
0.0000000000000022 0.0082304526748971 
0.0000000000000035 0.0081967213114754 
0.0000000000000033 0.0081632653061224 
0.0000000000000016 0.0081300813008130 
0.0000000000000013 0.0080971659919028 
0.0000000000000036 0.0080645161290323 
0.0000000000000036 0.0080321285140562 
0.0000000000000003 0.0080000000000000 
0.0000000000000002 0.0079681274900398 
0.0000000000000012 0.0079365079365079 
0.0000000000000016 0.0079051383399209 
0.0000000000000004 0.0078740157480315 
0.0000000000000009 0.0078431372549020 
0.0000000000000003 0.0078125000000000 
0.0000000000000011 0.0077821011673152 
0.0000000000000004 0.0077519379844961 
0.0000000000000004 0.0077220077220077 
0.0000000000000009 0.0076923076923077 
0.0000000000000022 0.0076628352490421 
0.0000000000000036 0.0076335877862595 
0.0000000000000018 0.0076045627376426 
0.0000000000000038 0.0075757575757576 
0.0000000000000001 0.0075471698113208 
0.0000000000000020 0.0075187969924812 
0.0000000000000008 0.0074906367041199 
0.0000000000000007 0.0074626865671642 
0.0000000000000032 0.0074349442379182 
0.0000000000000003 0.0074074074074074 
0.0000000000000039 0.0073800738007380 
0.0000000000000012 0.0073529411764706 
0.0000000000000011 0.0073260073260073 
0.0000000000000004 0.0072992700729927 
0.0000000000000018 0.0072727272727273 
0.0000000000000013 0.0072463768115942 
0.0000000000000042 0.0072202166064982 
0.0000000000000016 0.0071942446043165 
0.0000000000000015 0.0071684587813620 
0.0000000000000009 0.0071428571428571 
0.0000000000000034 0.0071174377224199 
0.0000000000000040 0.0070921985815603 
0.0000000000000018 0.0070671378091873 
0.0000000000000040 0.0070422535211268 
0.0000000000000009 0.0070175438596491 
0.0000000000000038 0.0069930069930070 
0.0000000000000022 0.0069686411149826 
0.0000000000000035 0.0069444444444444 
0.0000000000000044 0.0069204152249135 
0.0000000000000038 0.0068965517241379 
0.0000000000000010 0.0068728522336770 
0.0000000000000035 0.0068493150684932 
0.0000000000000041 0.0068259385665529 
0.0000000000000043 0.0068027210884354 
0.0000000000000043 0.0067796610169492 
0.0000000000000027 0.0067567567567568 
0.0000000000000033 0.0067340067340067 
0.0000000000000039 0.0067114093959732 
0.0000000000000003 0.0066889632107023 
0.0000000000000017 0.0066666666666667 
0.0000000000000027 0.0066445182724252 
0.0000000000000032 0.0066225165562914 
0.0000000000000012 0.0066006600660066 
0.0000000000000032 0.0065789473684211 
0.0000000000000036 0.0065573770491803 
0.0000000000000012 0.0065359477124183 
0.0000000000000000 0.0065146579804560 
0.0000000000000022 0.0064935064935065 
0.0000000000000013 0.0064724919093851 
0.0000000000000039 0.0064516129032258 
0.0000000000000031 0.0064308681672026 
0.0000000000000011 0.0064102564102564 
0.0000000000000012 0.0063897763578275 
0.0000000000000048 0.0063694267515924 
0.0000000000000012 0.0063492063492063 
0.0000000000000015 0.0063291139240506 
0.0000000000000019 0.0063091482649842 
0.0000000000000048 0.0062893081761006 
0.0000000000000034 0.0062695924764890 
0.0000000000000040 0.0062500000000000 
0.0000000000000049 0.0062305295950156 
0.0000000000000046 0.0062111801242236 
0.0000000000000029 0.0061919504643963 
0.0000000000000014 0.0061728395061728 
0.0000000000000041 0.0061538461538462 
0.0000000000000016 0.0061349693251534 
0.0000000000000035 0.0061162079510703 
0.0000000000000051 0.0060975609756098 
0.0000000000000025 0.0060790273556231 
0.0000000000000034 0.0060606060606061 
0.0000000000000029 0.0060422960725076 
0.0000000000000034 0.0060240963855422 
0.0000000000000042 0.0060060060060060 
0.0000000000000031 0.0059880239520958 
0.0000000000000023 0.0059701492537313 
0.0000000000000008 0.0059523809523810 
0.0000000000000008 0.0059347181008902 
0.0000000000000039 0.0059171597633136 
0.0000000000000013 0.0058997050147493 
0.0000000000000012 0.0058823529411765 
0.0000000000000003 0.0058651026392962 
0.0000000000000027 0.0058479532163743 
0.0000000000000041 0.0058309037900875 
0.0000000000000004 0.0058139534883721 
0.0000000000000003 0.0057971014492754 
0.0000000000000029 0.0057803468208092 
0.0000000000000047 0.0057636887608069 
0.0000000000000032 0.0057471264367816 
0.0000000000000004 0.0057306590257880 
0.0000000000000033 0.0057142857142857 
0.0000000000000011 0.0056980056980057 
0.0000000000000026 0.0056818181818182 
0.0000000000000006 0.0056657223796034 
0.0000000000000028 0.0056497175141243 
0.0000000000000004 0.0056338028169014 
0.0000000000000008 0.0056179775280899 
0.0000000000000012 0.0056022408963585 
0.0000000000000023 0.0055865921787709 
0.0000000000000041 0.0055710306406685 
0.0000000000000009 0.0055555555555556 
0.0000000000000031 0.0055401662049861 
0.0000000000000007 0.0055248618784530 
0.0000000000000027 0.0055096418732782 
0.0000000000000008 0.0054945054945055 
0.0000000000000047 0.0054794520547945 
0.0000000000000051 0.0054644808743169 
0.0000000000000014 0.0054495912806540 
0.0000000000000011 0.0054347826086957 
0.0000000000000044 0.0054200542005420 
0.0000000000000028 0.0054054054054054 
0.0000000000000009 0.0053908355795148 
0.0000000000000002 0.0053763440860215 
0.0000000000000003 0.0053619302949062 
0.0000000000000011 0.0053475935828877 
0.0000000000000017 0.0053333333333333 
0.0000000000000037 0.0053191489361702 
0.0000000000000008 0.0053050397877984 
0.0000000000000027 0.0052910052910053 
0.0000000000000019 0.0052770448548813 
0.0000000000000052 0.0052631578947368 
0.0000000000000017 0.0052493438320210 
0.0000000000000035 0.0052356020942408 
0.0000000000000048 0.0052219321148825 
0.0000000000000018 0.0052083333333333 
0.0000000000000060 0.0051948051948052 
0.0000000000000009 0.0051813471502591 
0.0000000000000025 0.0051679586563307 
0.0000000000000007 0.0051546391752577 
0.0000000000000032 0.0051413881748072 
0.0000000000000012 0.0051282051282051 
0.0000000000000012 0.0051150895140665 
0.0000000000000033 0.0051020408163265 
0.0000000000000038 0.0050890585241730 
0.0000000000000008 0.0050761421319797 
0.0000000000000011 0.0050632911392405 
0.0000000000000017 0.0050505050505051 
0.0000000000000026 0.0050377833753149 
0.0000000000000049 0.0050251256281407 
0.0000000000000063 0.0050125313283208 
0.0000000000000058 0.0050000000000000 
0.0000000000000050 0.0049875311720698 
0.0000000000000048 0.0049751243781095 
0.0000000000000038 0.0049627791563275 
0.0000000000000002 0.0049504950495050 
0.0000000000000039 0.0049382716049383 
0.0000000000000059 0.0049261083743842 
0.0000000000000023 0.0049140049140049 
0.0000000000000011 0.0049019607843137 
0.0000000000000013 0.0048899755501222 
0.0000000000000004 0.0048780487804878 
0.0000000000000061 0.0048661800486618 
0.0000000000000061 0.0048543689320388 
0.0000000000000027 0.0048426150121065 
0.0000000000000014 0.0048309178743961 
0.0000000000000022 0.0048192771084337 
0.0000000000000055 0.0048076923076923 
0.0000000000000016 0.0047961630695444 
0.0000000000000014 0.0047846889952153 
0.0000000000000009 0.0047732696897375 
0.0000000000000012 0.0047619047619048 
0.0000000000000008 0.0047505938242280 
0.0000000000000026 0.0047393364928910 
0.0000000000000061 0.0047281323877069 
0.0000000000000033 0.0047169811320755 
0.0000000000000029 0.0047058823529412 
0.0000000000000028 0.0046948356807512 
0.0000000000000002 0.0046838407494145 
0.0000000000000034 0.0046728971962617 
0.0000000000000039 0.0046620046620047 
0.0000000000000058 0.0046511627906977 
0.0000000000000048 0.0046403712296984 
0.0000000000000013 0.0046296296296296 
0.0000000000000028 0.0046189376443418 
0.0000000000000013 0.0046082949308756 
0.0000000000000017 0.0045977011494253 
0.0000000000000017 0.0045871559633028 
0.0000000000000056 0.0045766590389016 
0.0000000000000028 0.0045662100456621 
0.0000000000000063 0.0045558086560364 
0.0000000000000017 0.0045454545454545 
0.0000000000000019 0.0045351473922902 
0.0000000000000011 0.0045248868778281 
0.0000000000000043 0.0045146726862302 
0.0000000000000041 0.0045045045045045 
0.0000000000000048 0.0044943820224719 
0.0000000000000063 0.0044843049327354 
0.0000000000000040 0.0044742729306488 
0.0000000000000012 0.0044642857142857 
0.0000000000000049 0.0044543429844098 
0.0000000000000052 0.0044444444444444 
0.0000000000000026 0.0044345898004435 
0.0000000000000005 0.0044247787610619 
0.0000000000000016 0.0044150110375276 
0.0000000000000048 0.0044052863436123 
0.0000000000000008 0.0043956043956044 
0.0000000000000010 0.0043859649122807 
0.0000000000000044 0.0043763676148796 
0.0000000000000064 0.0043668122270742 
0.0000000000000034 0.0043572984749455 
0.0000000000000053 0.0043478260869565 
0.0000000000000049 0.0043383947939262 
0.0000000000000049 0.0043290043290043 
0.0000000000000057 0.0043196544276458 
0.0000000000000061 0.0043103448275862 
0.0000000000000053 0.0043010752688172 
0.0000000000000016 0.0042918454935622 
0.0000000000000021 0.0042826552462527 
0.0000000000000010 0.0042735042735043 
0.0000000000000001 0.0042643923240938 
0.0000000000000001 0.0042553191489362 
0.0000000000000001 0.0042462845010616 
0.0000000000000065 0.0042372881355932 
0.0000000000000034 0.0042283298097252 
0.0000000000000038 0.0042194092827004 
0.0000000000000049 0.0042105263157895 
0.0000000000000010 0.0042016806722689 
0.0000000000000023 0.0041928721174004 
0.0000000000000032 0.0041841004184100 
0.0000000000000024 0.0041753653444676 
0.0000000000000063 0.0041666666666667 
0.0000000000000072 0.0041580041580042 
0.0000000000000011 0.0041493775933610 
0.0000000000000058 0.0041407867494824 
0.0000000000000009 0.0041322314049587 
0.0000000000000007 0.0041237113402062 
0.0000000000000014 0.0041152263374486 
0.0000000000000033 0.0041067761806982 
0.0000000000000036 0.0040983606557377 
0.0000000000000008 0.0040899795501022 
0.0000000000000034 0.0040816326530612 
0.0000000000000029 0.0040733197556008 
0.0000000000000023 0.0040650406504065 
0.0000000000000018 0.0040567951318458 
0.0000000000000024 0.0040485829959514 
0.0000000000000020 0.0040404040404040 
0.0000000000000001 0.0040322580645161 
0.0000000000000062 0.0040241448692153 
0.0000000000000037 0.0040160642570281 
0.0000000000000074 0.0040080160320641 
0.0000000000000003 0.0040000000000000 
0.0000000000000070 0.0039920159680639 
0.0000000000000003 0.0039840637450199 
0.0000000000000043 0.0039761431411531 
0.0000000000000010 0.0039682539682540 
0.0000000000000006 0.0039603960396040 
0.0000000000000019 0.0039525691699605 
0.0000000000000013 0.0039447731755424 
0.0000000000000008 0.0039370078740157 
0.0000000000000035 0.0039292730844794 
0.0000000000000012 0.0039215686274510 
0.0000000000000082 0.0039138943248532 
0.0000000000000002 0.0039062500000000 
0.0000000000000079 0.0038986354775828 
0.0000000000000012 0.0038910505836576 
0.0000000000000047 0.0038834951456311 
0.0000000000000002 0.0038759689922481 
0.0000000000000021 0.0038684719535783 
0.0000000000000075 0.0038610038610039 
0.0000000000000025 0.0038535645472062 
0.0000000000000010 0.0038461538461538 
0.0000000000000078 0.0038387715930902 
0.0000000000000022 0.0038314176245211 
0.0000000000000026 0.0038240917782027 
0.0000000000000046 0.0038167938931298 
0.0000000000000074 0.0038095238095238 
0.0000000000000027 0.0038022813688213 
0.0000000000000076 0.0037950664136622 
0.0000000000000078 0.0037878787878788 
0.0000000000000028 0.0037807183364839 
0.0000000000000082 0.0037735849056604 
0.0000000000000028 0.0037664783427495 
0.0000000000000064 0.0037593984962406 
0.0000000000000075 0.0037523452157598 
0.0000000000000074 0.0037453183520599 
0.0000000000000034 0.0037383177570093 
0.0000000000000046 0.0037313432835821 
0.0000000000000006 0.0037243947858473 
0.0000000000000077 0.0037174721189591 
0.0000000000000037 0.0037105751391466 
0.0000000000000038 0.0037037037037037 
0.0000000000000036 0.0036968576709797 
0.0000000000000047 0.0036900369003690 
0.0000000000000075 0.0036832412523020 
0.0000000000000072 0.0036764705882353 
0.0000000000000085 0.0036697247706422 
0.0000000000000011 0.0036630036630037 
0.0000000000000073 0.0036563071297989 
0.0000000000000041 0.0036496350364964 
0.0000000000000025 0.0036429872495446 
0.0000000000000067 0.0036363636363636 
0.0000000000000069 0.0036297640653358 
0.0000000000000075 0.0036231884057971 
0.0000000000000062 0.0036166365280289 
0.0000000000000040 0.0036101083032491 
0.0000000000000030 0.0036036036036036 
0.0000000000000018 0.0035971223021583 
0.0000000000000025 0.0035906642728905 
0.0000000000000030 0.0035842293906810 
0.0000000000000069 0.0035778175313059 
0.0000000000000012 0.0035714285714286 
0.0000000000000016 0.0035650623885918 
0.0000000000000079 0.0035587188612100 
0.0000000000000057 0.0035523978685613 
0.0000000000000038 0.0035460992907801 
0.0000000000000069 0.0035398230088496 
0.0000000000000020 0.0035335689045936 
0.0000000000000087 0.0035273368606702 
0.0000000000000084 0.0035211267605634 
0.0000000000000066 0.0035149384885764 
0.0000000000000008 0.0035087719298246 
0.0000000000000054 0.0035026269702277 
0.0000000000000049 0.0034965034965035 
0.0000000000000027 0.0034904013961606 
0.0000000000000066 0.0034843205574913 
0.0000000000000037 0.0034782608695652 
0.0000000000000079 0.0034722222222222 
0.0000000000000023 0.0034662045060659 
0.0000000000000046 0.0034602076124567 
0.0000000000000038 0.0034542314335060 
0.0000000000000085 0.0034482758620690 
0.0000000000000051 0.0034423407917384 
0.0000000000000009 0.0034364261168385 
0.0000000000000039 0.0034305317324185 
0.0000000000000077 0.0034246575342466 
0.0000000000000011 0.0034188034188034 
0.0000000000000049 0.0034129692832765 
0.0000000000000091 0.0034071550255537 
0.0000000000000001 0.0034013605442177 
0.0000000000000068 0.0033955857385399 
0.0000000000000045 0.0033898305084746 
0.0000000000000052 0.0033840947546531 
0.0000000000000018 0.0033783783783784 
0.0000000000000046 0.0033726812816189 
0.0000000000000079 0.0033670033670034 
0.0000000000000011 0.0033613445378151 
0.0000000000000041 0.0033557046979866 
0.0000000000000071 0.0033500837520938 
0.0000000000000093 0.0033444816053512 
0.0000000000000013 0.0033388981636060 
0.0000000000000067 0.0033333333333333 
0.0000000000000001 0.0033277870216306 
0.0000000000000017 0.0033222591362126 
0.0000000000000081 0.0033167495854063 
0.0000000000000080 0.0033112582781457 
0.0000000000000082 0.0033057851239669 
0.0000000000000034 0.0033003300330033 
0.0000000000000044 0.0032948929159802 
0.0000000000000078 0.0032894736842105 
0.0000000000000094 0.0032840722495895 
0.0000000000000032 0.0032786885245902 
0.0000000000000037 0.0032733224222586 
0.0000000000000013 0.0032679738562092 
0.0000000000000066 0.0032626427406199 
0.0000000000000002 0.0032573289902280 
0.0000000000000031 0.0032520325203252 
0.0000000000000022 0.0032467532467532 
0.0000000000000033 0.0032414910858995 
0.0000000000000035 0.0032362459546926 
0.0000000000000017 0.0032310177705977 
0.0000000000000055 0.0032258064516129 
0.0000000000000011 0.0032206119162641 
0.0000000000000069 0.0032154340836013 
0.0000000000000075 0.0032102728731942 
0.0000000000000006 0.0032051282051282 
0.0000000000000083 0.0032000000000000 
0.0000000000000058 0.0031948881789137 
0.0000000000000082 0.0031897926634769 
0.0000000000000098 0.0031847133757962 
0.0000000000000092 0.0031796502384738 
0.0000000000000011 0.0031746031746032 
0.0000000000000077 0.0031695721077655 
0.0000000000000019 0.0031645569620253 
0.0000000000000094 0.0031595576619273 
0.0000000000000016 0.0031545741324921 
0.0000000000000072 0.0031496062992126 
0.0000000000000004 0.0031446540880503 
0.0000000000000082 0.0031397174254317 
0.0000000000000089 0.0031347962382445 
0.0000000000000041 0.0031298904538341 
0.0000000000000056 0.0031250000000000 
0.0000000000000066 0.0031201248049922 
0.0000000000000100 0.0031152647975078 
0.0000000000000069 0.0031104199066874 
0.0000000000000045 0.0031055900621118 
0.0000000000000076 0.0031007751937984 
0.0000000000000036 0.0030959752321981 
0.0000000000000039 0.0030911901081917 
0.0000000000000085 0.0030864197530864 
0.0000000000000062 0.0030816640986133 
0.0000000000000094 0.0030769230769231 
0.0000000000000053 0.0030721966205837 
0.0000000000000090 0.0030674846625767 
0.0000000000000087 0.0030627871362940 
0.0000000000000080 0.0030581039755352 
0.0000000000000027 0.0030534351145038 
0.0000000000000100 0.0030487804878049 
0.0000000000000105 0.0030441400304414 
0.0000000000000072 0.0030395136778116 
0.0000000000000001 0.0030349013657056 
0.0000000000000085 0.0030303030303030 
0.0000000000000030 0.0030257186081694 
0.0000000000000079 0.0030211480362538 
0.0000000000000012 0.0030165912518854 
0.0000000000000032 0.0030120481927711 
0.0000000000000082 0.0030075187969925 
0.0000000000000067 0.0030030030030030 
0.0000000000000031 0.0029985007496252 
0.0000000000000034 0.0029940119760479 
0.0000000000000042 0.0029895366218236 
0.0000000000000028 0.0029850746268657 
0.0000000000000048 0.0029806259314456 
0.0000000000000097 0.0029761904761905 
0.0000000000000009 0.0029717682020802 
0.0000000000000093 0.0029673590504451 
0.0000000000000014 0.0029629629629630 
0.0000000000000016 0.0029585798816568 
0.0000000000000095 0.0029542097488922 
0.0000000000000067 0.0029498525073746 
0.0000000000000011 0.0029455081001473 
0.0000000000000005 0.0029411764705882 
0.0000000000000024 0.0029368575624082 
0.0000000000000007 0.0029325513196481 
0.0000000000000055 0.0029282576866764 
0.0000000000000077 0.0029239766081871 
0.0000000000000021 0.0029197080291971 
0.0000000000000092 0.0029154518950437 
0.0000000000000077 0.0029112081513828 
0.0000000000000103 0.0029069767441860 
0.0000000000000064 0.0029027576197388 
0.0000000000000048 0.0028985507246377 
0.0000000000000089 0.0028943560057887 
0.0000000000000082 0.0028901734104046 
0.0000000000000062 0.0028860028860029 
0.0000000000000057 0.0028818443804035 
0.0000000000000084 0.0028776978417266 
0.0000000000000085 0.0028735632183908 
0.0000000000000050 0.0028694404591105 
0.0000000000000104 0.0028653295128940 
0.0000000000000093 0.0028612303290415 
0.0000000000000073 0.0028571428571429 
0.0000000000000052 0.0028530670470756 
0.0000000000000046 0.0028490028490028 
0.0000000000000094 0.0028449502133713 
0.0000000000000083 0.0028409090909091 
0.0000000000000106 0.0028368794326241 
0.0000000000000051 0.0028328611898017 
0.0000000000000013 0.0028288543140028 
0.0000000000000024 0.0028248587570621 
0.0000000000000008 0.0028208744710860 
0.0000000000000007 0.0028169014084507 
0.0000000000000002 0.0028129395218003 
0.0000000000000049 0.0028089887640449 
0.0000000000000053 0.0028050490883590 
0.0000000000000012 0.0028011204481793 
0.0000000000000053 0.0027972027972028 
0.0000000000000023 0.0027932960893855 
0.0000000000000008 0.0027894002789400 
0.0000000000000044 0.0027855153203343 
0.0000000000000022 0.0027816411682893 
0.0000000000000009 0.0027777777777778 
0.0000000000000001 0.0027739251040222 
0.0000000000000087 0.0027700831024931 
0.0000000000000011 0.0027662517289073 
0.0000000000000047 0.0027624309392265 
0.0000000000000094 0.0027586206896552 
0.0000000000000087 0.0027548209366391 
0.0000000000000077 0.0027510316368638 
0.0000000000000011 0.0027472527472527 
0.0000000000000088 0.0027434842249657 
0.0000000000000100 0.0027397260273973 
0.0000000000000083 0.0027359781121751 
0.0000000000000004 0.0027322404371585 
0.0000000000000074 0.0027285129604366 
0.0000000000000041 0.0027247956403270 
0.0000000000000073 0.0027210884353741 
0.0000000000000046 0.0027173913043478 
0.0000000000000103 0.0027137042062415 
0.0000000000000098 0.0027100271002710 
0.0000000000000070 0.0027063599458728 
0.0000000000000084 0.0027027027027027 
0.0000000000000092 0.0026990553306343 
0.0000000000000050 0.0026954177897574 
0.0000000000000073 0.0026917900403769 
0.0000000000000112 0.0026881720430108 
0.0000000000000052 0.0026845637583893 
0.0000000000000116 0.0026809651474531 
0.0000000000000035 0.0026773761713521 
0.0000000000000106 0.0026737967914439 
0.0000000000000029 0.0026702269692924 
0.0000000000000038 0.0026666666666667 
0.0000000000000074 0.0026631158455393 
0.0000000000000040 0.0026595744680851 
0.0000000000000003 0.0026560424966799 
0.0000000000000053 0.0026525198938992 
0.0000000000000104 0.0026490066225166 
0.0000000000000027 0.0026455026455026 
0.0000000000000019 0.0026420079260238 
0.0000000000000078 0.0026385224274406 
0.0000000000000021 0.0026350461133070 
0.0000000000000109 0.0026315789473684 
0.0000000000000093 0.0026281208935611 
0.0000000000000044 0.0026246719160105 
0.0000000000000052 0.0026212319790301 
0.0000000000000089 0.0026178010471204 
0.0000000000000012 0.0026143790849673 
0.0000000000000008 0.0026109660574413 
0.0000000000000060 0.0026075619295958 
0.0000000000000040 0.0026041666666667 
0.0000000000000069 0.0026007802340702 
0.0000000000000001 0.0025974025974026 
0.0000000000000013 0.0025940337224384 
0.0000000000000011 0.0025906735751295 
0.0000000000000038 0.0025873221216041 
0.0000000000000033 0.0025839793281654 
0.0000000000000014 0.0025806451612903 
0.0000000000000012 0.0025773195876289 
0.0000000000000046 0.0025740025740026 
0.0000000000000094 0.0025706940874036 
0.0000000000000075 0.0025673940949936 
0.0000000000000008 0.0025641025641026 
0.0000000000000057 0.0025608194622279 
0.0000000000000070 0.0025575447570332 
0.0000000000000018 0.0025542784163474 
0.0000000000000025 0.0025510204081633 
0.0000000000000001 0.0025477707006369 
0.0000000000000036 0.0025445292620865 
0.0000000000000083 0.0025412960609911 
0.0000000000000066 0.0025380710659898 
0.0000000000000103 0.0025348542458809 
0.0000000000000014 0.0025316455696203 
0.0000000000000013 0.0025284450063211 
0.0000000000000082 0.0025252525252525 
0.0000000000000081 0.0025220680958386 
0.0000000000000033 0.0025188916876574 
0.0000000000000002 0.0025157232704403 
0.0000000000000054 0.0025125628140704 
0.0000000000000102 0.0025094102885822 
0.0000000000000060 0.0025062656641604 
0.0000000000000105 0.0025031289111389 
0.0000000000000061 0.0025000000000000 
0.0000000000000007 0.0024968789013733 
0.0000000000000052 0.0024937655860349 
0.0000000000000011 0.0024906600249066 
0.0000000000000049 0.0024875621890547 
0.0000000000000053 0.0024844720496894 
0.0000000000000023 0.0024813895781638 
0.0000000000000089 0.0024783147459727 
0.0000000000000123 0.0024752475247525 
0.0000000000000107 0.0024721878862794 
0.0000000000000089 0.0024691358024691 
0.0000000000000039 0.0024660912453761 
0.0000000000000059 0.0024630541871921 
0.0000000000000038 0.0024600246002460 
0.0000000000000045 0.0024570024570025 
0.0000000000000019 0.0024539877300613 
0.0000000000000011 0.0024509803921569 
0.0000000000000014 0.0024479804161567 
0.0000000000000051 0.0024449877750611 
0.0000000000000012 0.0024420024420024 
0.0000000000000002 0.0024390243902439 
0.0000000000000069 0.0024360535931790 
0.0000000000000123 0.0024330900243309 
0.0000000000000085 0.0024301336573512 
0.0000000000000001 0.0024271844660194 
0.0000000000000021 0.0024242424242424 
0.0000000000000098 0.0024213075060533 
0.0000000000000120 0.0024183796856106 
0.0000000000000013 0.0024154589371981 
0.0000000000000002 0.0024125452352232 
0.0000000000000044 0.0024096385542169 
0.0000000000000079 0.0024067388688327 
0.0000000000000119 0.0024038461538462 
0.0000000000000062 0.0024009603841537 
0.0000000000000017 0.0023980815347722 
0.0000000000000070 0.0023952095808383 
0.0000000000000081 0.0023923444976077 
0.0000000000000112 0.0023894862604540 
0.0000000000000072 0.0023866348448687 
0.0000000000000127 0.0023837902264601 
0.0000000000000015 0.0023809523809524 
0.0000000000000096 0.0023781212841855 
0.0000000000000120 0.0023752969121140 
0.0000000000000120 0.0023724792408066 
0.0000000000000094 0.0023696682464455 
0.0000000000000089 0.0023668639053254 
0.0000000000000004 0.0023640661938534 
0.0000000000000086 0.0023612750885478 
0.0000000000000097 0.0023584905660377 
0.0000000000000019 0.0023557126030624 
0.0000000000000092 0.0023529411764706 
0.0000000000000025 0.0023501762632197 
0.0000000000000095 0.0023474178403756 
0.0000000000000026 0.0023446658851114 
0.0000000000000135 0.0023419203747073 
0.0000000000000053 0.0023391812865497 
0.0000000000000095 0.0023364485981308 
0.0000000000000100 0.0023337222870478 
0.0000000000000039 0.0023310023310023 
0.0000000000000007 0.0023282887077998 
0.0000000000000077 0.0023255813953488 
0.0000000000000023 0.0023228803716609 
0.0000000000000085 0.0023201856148492 
0.0000000000000075 0.0023174971031286 
0.0000000000000077 0.0023148148148148 
0.0000000000000134 0.0023121387283237 
0.0000000000000035 0.0023094688221709 
0.0000000000000002 0.0023068050749712 
0.0000000000000078 0.0023041474654378 
0.0000000000000132 0.0023014959723820 
0.0000000000000087 0.0022988505747126 
0.0000000000000079 0.0022962112514351 
0.0000000000000083 0.0022935779816514 
0.0000000000000009 0.0022909507445590 
0.0000000000000124 0.0022883295194508 
0.0000000000000077 0.0022857142857143 
0.0000000000000102 0.0022831050228311 
0.0000000000000112 0.0022805017103763 
0.0000000000000004 0.0022779043280182 
0.0000000000000006 0.0022753128555176 
0.0000000000000052 0.0022727272727273 
0.0000000000000064 0.0022701475595914 
0.0000000000000086 0.0022675736961451 
0.0000000000000092 0.0022650056625142 
0.0000000000000012 0.0022624434389140 
0.0000000000000002 0.0022598870056497 
0.0000000000000092 0.0022573363431151 
0.0000000000000095 0.0022547914317926 
0.0000000000000111 0.0022522522522523 
0.0000000000000085 0.0022497187851519 
0.0000000000000018 0.0022471910112360 
0.0000000000000125 0.0022446689113356 
0.0000000000000009 0.0022421524663677 
0.0000000000000018 0.0022396416573348 
0.0000000000000040 0.0022371364653244 
0.0000000000000133 0.0022346368715084 
0.0000000000000082 0.0022321428571429 
0.0000000000000052 0.0022296544035674 
0.0000000000000047 0.0022271714922049 
0.0000000000000021 0.0022246941045606 
0.0000000000000120 0.0022222222222222 
0.0000000000000029 0.0022197558268590 
0.0000000000000113 0.0022172949002217 
0.0000000000000073 0.0022148394241417 
0.0000000000000074 0.0022123893805310 
0.0000000000000051 0.0022099447513812 
0.0000000000000127 0.0022075055187638 
0.0000000000000114 0.0022050716648291 
0.0000000000000120 0.0022026431718062 
0.0000000000000063 0.0022002200220022 
0.0000000000000011 0.0021978021978022 
0.0000000000000068 0.0021953896816685 
0.0000000000000079 0.0021929824561404 
0.0000000000000087 0.0021905805038335 
0.0000000000000046 0.0021881838074398 
0.0000000000000081 0.0021857923497268 
0.0000000000000068 0.0021834061135371 
0.0000000000000038 0.0021810250817884 
0.0000000000000033 0.0021786492374728 
0.0000000000000065 0.0021762785636561 
0.0000000000000021 0.0021739130434783 
0.0000000000000002 0.0021715526601520 
0.0000000000000049 0.0021691973969631 
0.0000000000000128 0.0021668472372698 
0.0000000000000025 0.0021645021645022 
0.0000000000000028 0.0021621621621622 
0.0000000000000017 0.0021598272138229 
0.0000000000000063 0.0021574973031284 
0.0000000000000055 0.0021551724137931 
0.0000000000000018 0.0021528525296017 
0.0000000000000088 0.0021505376344086 
0.0000000000000040 0.0021482277121375 
0.0000000000000056 0.0021459227467811 
0.0000000000000020 0.0021436227224009 
0.0000000000000021 0.0021413276231263 
0.0000000000000075 0.0021390374331551 
0.0000000000000006 0.0021367521367521 
0.0000000000000104 0.0021344717182497 
0.0000000000000072 0.0021321961620469 
0.0000000000000132 0.0021299254526092 
0.0000000000000075 0.0021276595744681 
0.0000000000000142 0.0021253985122210 
0.0000000000000142 0.0021231422505308 
0.0000000000000008 0.0021208907741251 
0.0000000000000142 0.0021186440677966 
0.0000000000000058 0.0021164021164021 
0.0000000000000118 0.0021141649048626 
0.0000000000000103 0.0021119324181626 
0.0000000000000035 0.0021097046413502 
0.0000000000000031 0.0021074815595364 
0.0000000000000127 0.0021052631578947 
0.0000000000000017 0.0021030494216614 
0.0000000000000011 0.0021008403361345 
0.0000000000000042 0.0020986358866737 
0.0000000000000100 0.0020964360587002 
0.0000000000000063 0.0020942408376963 
0.0000000000000029 0.0020920502092050 
0.0000000000000085 0.0020898641588297 
0.0000000000000018 0.0020876826722338 
0.0000000000000144 0.0020855057351408 
0.0000000000000009 0.0020833333333333 
0.0000000000000028 0.0020811654526535 
0.0000000000000078 0.0020790020790021 
0.0000000000000099 0.0020768431983385 
0.0000000000000011 0.0020746887966805 
0.0000000000000128 0.0020725388601036 
0.0000000000000094 0.0020703933747412 
0.0000000000000004 0.0020682523267839 
0.0000000000000088 0.0020661157024793 
0.0000000000000019 0.0020639834881321 
0.0000000000000007 0.0020618556701031 
0.0000000000000135 0.0020597322348095 
0.0000000000000063 0.0020576131687243 
0.0000000000000004 0.0020554984583762 
0.0000000000000116 0.0020533880903491 
0.0000000000000112 0.0020512820512821 
0.0000000000000116 0.0020491803278689 
0.0000000000000141 0.0020470829068577 
0.0000000000000064 0.0020449897750511 
0.0000000000000063 0.0020429009193054 
0.0000000000000119 0.0020408163265306 
0.0000000000000119 0.0020387359836901 
0.0000000000000107 0.0020366598778004 
0.0000000000000011 0.0020345879959308 
0.0000000000000102 0.0020325203252033 
0.0000000000000036 0.0020304568527919 
0.0000000000000095 0.0020283975659229 
0.0000000000000129 0.0020263424518744 
0.0000000000000047 0.0020242914979757 
0.0000000000000100 0.0020222446916077 
0.0000000000000142 0.0020202020202020 
0.0000000000000151 0.0020181634712412 
0.0000000000000077 0.0020161290322581 
0.0000000000000081 0.0020140986908359 
0.0000000000000021 0.0020120724346076 
0.0000000000000072 0.0020100502512563 
0.0000000000000036 0.0020080321285141 
0.0000000000000052 0.0020060180541625 
0.0000000000000005 0.0020040080160321 
0.0000000000000092 0.0020020020020020 
0.0000000000000154 0.0020000000000000 
