1.9999931199424203 
1.9999685871227326 
1.9999065888485150 
1.9997809304241250 
1.9995586880193164 
1.9992002978077317 
1.9986599175335977 
1.9978856737132367 
1.9968196603058661 
1.9953986098139183 
1.9935542848415388 
1.9912137113908543 
1.9882998437372315 
1.9847319936366534 
1.9804265454590999 
1.9752975249111098 
1.9692573564361116 
1.9622176058356420 
1.9540897870816758 
1.9447862124983712 
1.9342208806246537 
1.9223103956618168 
1.9089749112099075 
1.8941390892151733 
1.8777330643095316 
1.8596934025233534 
1.8399640424864458 
1.8184972064800495 
1.7952542681439188 
1.7702065633059898 
1.7433361303135184 
1.7146363664255655 
1.6841125872932940 
1.6517824773160070 
1.6176764197191895 
1.5818376965499401 
1.5443225504107991 
1.5052001016324090 
1.4645521166877977 
1.4224726259378606 
1.3790673912233919 
1.3344532263325626 
1.2887571759182816 
1.2421155609587098 
1.1946729012862216 
1.1465807279958278 
1.0979963006262385 
1.0490812458322640 
1.0000001357889237 
0.9509190257455831 
0.9020039709516088 
0.8534195435820193 
0.8053273702916255 
0.7578847106191373 
0.7112430956595657 
0.6655470452452845 
0.6209328803544552 
0.5775276456399867 
0.5354481548900496 
0.4948001699454383 
0.4556777211670482 
0.4181625750279070 
0.3823238518586574 
0.3482177942618401 
0.3158876842845530 
0.2853639051522816 
0.2566641412643289 
0.2297937082718575 
0.2047460034339286 
0.1815030650977976 
0.1600362290914012 
0.1403068690544937 
0.1222672072683153 
0.1058611823626736 
0.0910253603679392 
0.0776898759160300 
0.0657793909531930 
0.0552140590745693 
0.0459104844994027 
0.0377826657587752 
0.0307429152446288 
0.0247027470450119 
0.0195737264970215 
0.0152682749828692 
0.0117004370019131 
0.0087865693482905 
0.0064459872610343 
0.0046016622886549 
0.0031806528656906 
0.0021145859641345 
0.0013402625040806 
0.0007998357045995 
0.0004414454930151 
0.0002191538423593 
0.0000934954179690 
0.0000314753238313 
0.0000069437116901 
0.0000005830292540 
0.0000000641140825 
