100
-1 -0.33333 0.33333 1
-1 -0.5 0 0.5 1
-1 -0.6 -0.2 0.2 0.6 1
-1 -0.66667 -0.33333 0 0.33333 0.66667 1
-1 -0.71429 -0.42857 -0.14286 0.14286 0.42857 0.71429 1
-1 -0.75 -0.5 -0.25 0 0.25 0.5 0.75 1
-1 -0.77778 -0.55556 -0.33333 -0.11111 0.11111 0.33333 0.55556 0.77778 1
-1 -0.8 -0.6 -0.4 -0.2 0 0.2 0.4 0.6 0.8 1
-1 -0.81818 -0.63636 -0.45455 -0.27273 -0.090909 0.090909 0.27273 0.45455 0.63636 0.81818 1
-1 -0.83333 -0.66667 -0.5 -0.33333 -0.16667 0 0.16667 0.33333 0.5 0.66667 0.83333 1
-1 -0.84615 -0.69231 -0.53846 -0.38462 -0.23077 -0.076923 0.076923 0.23077 0.38462 0.53846 0.69231 0.84615 1
-1 -0.85714 -0.71429 -0.57143 -0.42857 -0.28571 -0.14286 0 0.14286 0.28571 0.42857 0.57143 0.71429 0.85714 1
-1 -0.86667 -0.73333 -0.6 -0.46667 -0.33333 -0.2 -0.066667 0.066667 0.2 0.33333 0.46667 0.6 0.73333 0.86667 1
-1 -0.875 -0.75 -0.625 -0.5 -0.375 -0.25 -0.125 0 0.125 0.25 0.375 0.5 0.625 0.75 0.875 1
-1 -0.88235 -0.76471 -0.64706 -0.52941 -0.41176 -0.29412 -0.17647 -0.058824 0.058824 0.17647 0.29412 0.41176 0.52941 0.64706 0.76471 0.88235 1
-1 -0.88889 -0.77778 -0.66667 -0.55556 -0.44444 -0.33333 -0.22222 -0.11111 0 0.11111 0.22222 0.33333 0.44444 0.55556 0.66667 0.77778 0.88889 1
-1 -0.89474 -0.78947 -0.68421 -0.57895 -0.47368 -0.36842 -0.26316 -0.15789 -0.052632 0.052632 0.15789 0.26316 0.36842 0.47368 0.57895 0.68421 0.78947 0.89474 1
-1 -0.9 -0.8 -0.7 -0.6 -0.5 -0.4 -0.3 -0.2 -0.1 0 0.1 0.2 0.3 0.4 0.5 0.6 0.7 0.8 0.9 1
-1 -0.90476 -0.80952 -0.71429 -0.61905 -0.52381 -0.42857 -0.33333 -0.2381 -0.14286 -0.047619 0.047619 0.14286 0.2381 0.33333 0.42857 0.52381 0.61905 0.71429 0.80952 0.90476 1
-1 -0.90909 -0.81818 -0.72727 -0.63636 -0.54545 -0.45455 -0.36364 -0.27273 -0.18182 -0.090909 0 0.090909 0.18182 0.27273 0.36364 0.45455 0.54545 0.63636 0.72727 0.81818 0.90909 1
-1 -0.91304 -0.82609 -0.73913 -0.65217 -0.56522 -0.47826 -0.3913 -0.30435 -0.21739 -0.13043 -0.043478 0.043478 0.13043 0.21739 0.30435 0.3913 0.47826 0.56522 0.65217 0.73913 0.82609 0.91304 1
-1 -0.91667 -0.83333 -0.75 -0.66667 -0.58333 -0.5 -0.41667 -0.33333 -0.25 -0.16667 -0.083333 0 0.083333 0.16667 0.25 0.33333 0.41667 0.5 0.58333 0.66667 0.75 0.83333 0.91667 1
-1 -0.92 -0.84 -0.76 -0.68 -0.6 -0.52 -0.44 -0.36 -0.28 -0.2 -0.12 -0.04 0.04 0.12 0.2 0.28 0.36 0.44 0.52 0.6 0.68 0.76 0.84 0.92 1
-1 -0.92308 -0.84615 -0.76923 -0.69231 -0.61538 -0.53846 -0.46154 -0.38462 -0.30769 -0.23077 -0.15385 -0.076923 0 0.076923 0.15385 0.23077 0.30769 0.38462 0.46154 0.53846 0.61538 0.69231 0.76923 0.84615 0.92308 1
-1 -0.92593 -0.85185 -0.77778 -0.7037 -0.62963 -0.55556 -0.48148 -0.40741 -0.33333 -0.25926 -0.18519 -0.11111 -0.037037 0.037037 0.11111 0.18519 0.25926 0.33333 0.40741 0.48148 0.55556 0.62963 0.7037 0.77778 0.85185 0.92593 1
-1 -0.92857 -0.85714 -0.78571 -0.71429 -0.64286 -0.57143 -0.5 -0.42857 -0.35714 -0.28571 -0.21429 -0.14286 -0.071429 0 0.071429 0.14286 0.21429 0.28571 0.35714 0.42857 0.5 0.57143 0.64286 0.71429 0.78571 0.85714 0.92857 1
-1 -0.93103 -0.86207 -0.7931 -0.72414 -0.65517 -0.58621 -0.51724 -0.44828 -0.37931 -0.31034 -0.24138 -0.17241 -0.10345 -0.034483 0.034483 0.10345 0.17241 0.24138 0.31034 0.37931 0.44828 0.51724 0.58621 0.65517 0.72414 0.7931 0.86207 0.93103 1
-1 -0.93333 -0.86667 -0.8 -0.73333 -0.66667 -0.6 -0.53333 -0.46667 -0.4 -0.33333 -0.26667 -0.2 -0.13333 -0.066667 0 0.066667 0.13333 0.2 0.26667 0.33333 0.4 0.46667 0.53333 0.6 0.66667 0.73333 0.8 0.86667 0.93333 1
-1 -0.93548 -0.87097 -0.80645 -0.74194 -0.67742 -0.6129 -0.54839 -0.48387 -0.41935 -0.35484 -0.29032 -0.22581 -0.16129 -0.096774 -0.032258 0.032258 0.096774 0.16129 0.22581 0.29032 0.35484 0.41935 0.48387 0.54839 0.6129 0.67742 0.74194 0.80645 0.87097 0.93548 1
-1 -0.9375 -0.875 -0.8125 -0.75 -0.6875 -0.625 -0.5625 -0.5 -0.4375 -0.375 -0.3125 -0.25 -0.1875 -0.125 -0.0625 0 0.0625 0.125 0.1875 0.25 0.3125 0.375 0.4375 0.5 0.5625 0.625 0.6875 0.75 0.8125 0.875 0.9375 1
-1 -0.93939 -0.87879 -0.81818 -0.75758 -0.69697 -0.63636 -0.57576 -0.51515 -0.45455 -0.39394 -0.33333 -0.27273 -0.21212 -0.15152 -0.090909 -0.030303 0.030303 0.090909 0.15152 0.21212 0.27273 0.33333 0.39394 0.45455 0.51515 0.57576 0.63636 0.69697 0.75758 0.81818 0.87879 0.93939 1
-1 -0.94118 -0.88235 -0.82353 -0.76471 -0.70588 -0.64706 -0.58824 -0.52941 -0.47059 -0.41176 -0.35294 -0.29412 -0.23529 -0.17647 -0.11765 -0.058824 0 0.058824 0.11765 0.17647 0.23529 0.29412 0.35294 0.41176 0.47059 0.52941 0.58824 0.64706 0.70588 0.76471 0.82353 0.88235 0.94118 1
-1 -0.94286 -0.88571 -0.82857 -0.77143 -0.71429 -0.65714 -0.6 -0.54286 -0.48571 -0.42857 -0.37143 -0.31429 -0.25714 -0.2 -0.14286 -0.085714 -0.028571 0.028571 0.085714 0.14286 0.2 0.25714 0.31429 0.37143 0.42857 0.48571 0.54286 0.6 0.65714 0.71429 0.77143 0.82857 0.88571 0.94286 1
-1 -0.94444 -0.88889 -0.83333 -0.77778 -0.72222 -0.66667 -0.61111 -0.55556 -0.5 -0.44444 -0.38889 -0.33333 -0.27778 -0.22222 -0.16667 -0.11111 -0.055556 0 0.055556 0.11111 0.16667 0.22222 0.27778 0.33333 0.38889 0.44444 0.5 0.55556 0.61111 0.66667 0.72222 0.77778 0.83333 0.88889 0.94444 1
-1 -0.94595 -0.89189 -0.83784 -0.78378 -0.72973 -0.67568 -0.62162 -0.56757 -0.51351 -0.45946 -0.40541 -0.35135 -0.2973 -0.24324 -0.18919 -0.13514 -0.081081 -0.027027 0.027027 0.081081 0.13514 0.18919 0.24324 0.2973 0.35135 0.40541 0.45946 0.51351 0.56757 0.62162 0.67568 0.72973 0.78378 0.83784 0.89189 0.94595 1
-1 -0.94737 -0.89474 -0.84211 -0.78947 -0.73684 -0.68421 -0.63158 -0.57895 -0.52632 -0.47368 -0.42105 -0.36842 -0.31579 -0.26316 -0.21053 -0.15789 -0.10526 -0.052632 0 0.052632 0.10526 0.15789 0.21053 0.26316 0.31579 0.36842 0.42105 0.47368 0.52632 0.57895 0.63158 0.68421 0.73684 0.78947 0.84211 0.89474 0.94737 1
-1 -0.94872 -0.89744 -0.84615 -0.79487 -0.74359 -0.69231 -0.64103 -0.58974 -0.53846 -0.48718 -0.4359 -0.38462 -0.33333 -0.28205 -0.23077 -0.17949 -0.12821 -0.076923 -0.025641 0.025641 0.076923 0.12821 0.17949 0.23077 0.28205 0.33333 0.38462 0.4359 0.48718 0.53846 0.58974 0.64103 0.69231 0.74359 0.79487 0.84615 0.89744 0.94872 1
-1 -0.95 -0.9 -0.85 -0.8 -0.75 -0.7 -0.65 -0.6 -0.55 -0.5 -0.45 -0.4 -0.35 -0.3 -0.25 -0.2 -0.15 -0.1 -0.05 0 0.05 0.1 0.15 0.2 0.25 0.3 0.35 0.4 0.45 0.5 0.55 0.6 0.65 0.7 0.75 0.8 0.85 0.9 0.95 1
-1 -0.95122 -0.90244 -0.85366 -0.80488 -0.7561 -0.70732 -0.65854 -0.60976 -0.56098 -0.5122 -0.46341 -0.41463 -0.36585 -0.31707 -0.26829 -0.21951 -0.17073 -0.12195 -0.073171 -0.02439 0.02439 0.073171 0.12195 0.17073 0.21951 0.26829 0.31707 0.36585 0.41463 0.46341 0.5122 0.56098 0.60976 0.65854 0.70732 0.7561 0.80488 0.85366 0.90244 0.95122 1
-1 -0.95238 -0.90476 -0.85714 -0.80952 -0.7619 -0.71429 -0.66667 -0.61905 -0.57143 -0.52381 -0.47619 -0.42857 -0.38095 -0.33333 -0.28571 -0.2381 -0.19048 -0.14286 -0.095238 -0.047619 0 0.047619 0.095238 0.14286 0.19048 0.2381 0.28571 0.33333 0.38095 0.42857 0.47619 0.52381 0.57143 0.61905 0.66667 0.71429 0.7619 0.80952 0.85714 0.90476 0.95238 1
-1 -0.95349 -0.90698 -0.86047 -0.81395 -0.76744 -0.72093 -0.67442 -0.62791 -0.5814 -0.53488 -0.48837 -0.44186 -0.39535 -0.34884 -0.30233 -0.25581 -0.2093 -0.16279 -0.11628 -0.069767 -0.023256 0.023256 0.069767 0.11628 0.16279 0.2093 0.25581 0.30233 0.34884 0.39535 0.44186 0.48837 0.53488 0.5814 0.62791 0.67442 0.72093 0.76744 0.81395 0.86047 0.90698 0.95349 1
-1 -0.95455 -0.90909 -0.86364 -0.81818 -0.77273 -0.72727 -0.68182 -0.63636 -0.59091 -0.54545 -0.5 -0.45455 -0.40909 -0.36364 -0.31818 -0.27273 -0.22727 -0.18182 -0.13636 -0.090909 -0.045455 0 0.045455 0.090909 0.13636 0.18182 0.22727 0.27273 0.31818 0.36364 0.40909 0.45455 0.5 0.54545 0.59091 0.63636 0.68182 0.72727 0.77273 0.81818 0.86364 0.90909 0.95455 1
-1 -0.95556 -0.91111 -0.86667 -0.82222 -0.77778 -0.73333 -0.68889 -0.64444 -0.6 -0.55556 -0.51111 -0.46667 -0.42222 -0.37778 -0.33333 -0.28889 -0.24444 -0.2 -0.15556 -0.11111 -0.066667 -0.022222 0.022222 0.066667 0.11111 0.15556 0.2 0.24444 0.28889 0.33333 0.37778 0.42222 0.46667 0.51111 0.55556 0.6 0.64444 0.68889 0.73333 0.77778 0.82222 0.86667 0.91111 0.95556 1
-1 -0.95652 -0.91304 -0.86957 -0.82609 -0.78261 -0.73913 -0.69565 -0.65217 -0.6087 -0.56522 -0.52174 -0.47826 -0.43478 -0.3913 -0.34783 -0.30435 -0.26087 -0.21739 -0.17391 -0.13043 -0.086957 -0.043478 0 0.043478 0.086957 0.13043 0.17391 0.21739 0.26087 0.30435 0.34783 0.3913 0.43478 0.47826 0.52174 0.56522 0.6087 0.65217 0.69565 0.73913 0.78261 0.82609 0.86957 0.91304 0.95652 1
-1 -0.95745 -0.91489 -0.87234 -0.82979 -0.78723 -0.74468 -0.70213 -0.65957 -0.61702 -0.57447 -0.53191 -0.48936 -0.44681 -0.40426 -0.3617 -0.31915 -0.2766 -0.23404 -0.19149 -0.14894 -0.10638 -0.06383 -0.021277 0.021277 0.06383 0.10638 0.14894 0.19149 0.23404 0.2766 0.31915 0.3617 0.40426 0.44681 0.48936 0.53191 0.57447 0.61702 0.65957 0.70213 0.74468 0.78723 0.82979 0.87234 0.91489 0.95745 1
-1 -0.95833 -0.91667 -0.875 -0.83333 -0.79167 -0.75 -0.70833 -0.66667 -0.625 -0.58333 -0.54167 -0.5 -0.45833 -0.41667 -0.375 -0.33333 -0.29167 -0.25 -0.20833 -0.16667 -0.125 -0.083333 -0.041667 0 0.041667 0.083333 0.125 0.16667 0.20833 0.25 0.29167 0.33333 0.375 0.41667 0.45833 0.5 0.54167 0.58333 0.625 0.66667 0.70833 0.75 0.79167 0.83333 0.875 0.91667 0.95833 1
-1 -0.95918 -0.91837 -0.87755 -0.83673 -0.79592 -0.7551 -0.71429 -0.67347 -0.63265 -0.59184 -0.55102 -0.5102 -0.46939 -0.42857 -0.38776 -0.34694 -0.30612 -0.26531 -0.22449 -0.18367 -0.14286 -0.10204 -0.061224 -0.020408 0.020408 0.061224 0.10204 0.14286 0.18367 0.22449 0.26531 0.30612 0.34694 0.38776 0.42857 0.46939 0.5102 0.55102 0.59184 0.63265 0.67347 0.71429 0.7551 0.79592 0.83673 0.87755 0.91837 0.95918 1
-1 -0.96 -0.92 -0.88 -0.84 -0.8 -0.76 -0.72 -0.68 -0.64 -0.6 -0.56 -0.52 -0.48 -0.44 -0.4 -0.36 -0.32 -0.28 -0.24 -0.2 -0.16 -0.12 -0.08 -0.04 0 0.04 0.08 0.12 0.16 0.2 0.24 0.28 0.32 0.36 0.4 0.44 0.48 0.52 0.56 0.6 0.64 0.68 0.72 0.76 0.8 0.84 0.88 0.92 0.96 1
-1 -0.96078 -0.92157 -0.88235 -0.84314 -0.80392 -0.76471 -0.72549 -0.68627 -0.64706 -0.60784 -0.56863 -0.52941 -0.4902 -0.45098 -0.41176 -0.37255 -0.33333 -0.29412 -0.2549 -0.21569 -0.17647 -0.13725 -0.098039 -0.058824 -0.019608 0.019608 0.058824 0.098039 0.13725 0.17647 0.21569 0.2549 0.29412 0.33333 0.37255 0.41176 0.45098 0.4902 0.52941 0.56863 0.60784 0.64706 0.68627 0.72549 0.76471 0.80392 0.84314 0.88235 0.92157 0.96078 1
-1 -0.96154 -0.92308 -0.88462 -0.84615 -0.80769 -0.76923 -0.73077 -0.69231 -0.65385 -0.61538 -0.57692 -0.53846 -0.5 -0.46154 -0.42308 -0.38462 -0.34615 -0.30769 -0.26923 -0.23077 -0.19231 -0.15385 -0.11538 -0.076923 -0.038462 0 0.038462 0.076923 0.11538 0.15385 0.19231 0.23077 0.26923 0.30769 0.34615 0.38462 0.42308 0.46154 0.5 0.53846 0.57692 0.61538 0.65385 0.69231 0.73077 0.76923 0.80769 0.84615 0.88462 0.92308 0.96154 1
-1 -0.96226 -0.92453 -0.88679 -0.84906 -0.81132 -0.77358 -0.73585 -0.69811 -0.66038 -0.62264 -0.58491 -0.54717 -0.50943 -0.4717 -0.43396 -0.39623 -0.35849 -0.32075 -0.28302 -0.24528 -0.20755 -0.16981 -0.13208 -0.09434 -0.056604 -0.018868 0.018868 0.056604 0.09434 0.13208 0.16981 0.20755 0.24528 0.28302 0.32075 0.35849 0.39623 0.43396 0.4717 0.50943 0.54717 0.58491 0.62264 0.66038 0.69811 0.73585 0.77358 0.81132 0.84906 0.88679 0.92453 0.96226 1
-1 -0.96296 -0.92593 -0.88889 -0.85185 -0.81481 -0.77778 -0.74074 -0.7037 -0.66667 -0.62963 -0.59259 -0.55556 -0.51852 -0.48148 -0.44444 -0.40741 -0.37037 -0.33333 -0.2963 -0.25926 -0.22222 -0.18519 -0.14815 -0.11111 -0.074074 -0.037037 0 0.037037 0.074074 0.11111 0.14815 0.18519 0.22222 0.25926 0.2963 0.33333 0.37037 0.40741 0.44444 0.48148 0.51852 0.55556 0.59259 0.62963 0.66667 0.7037 0.74074 0.77778 0.81481 0.85185 0.88889 0.92593 0.96296 1
-1 -0.96364 -0.92727 -0.89091 -0.85455 -0.81818 -0.78182 -0.74545 -0.70909 -0.67273 -0.63636 -0.6 -0.56364 -0.52727 -0.49091 -0.45455 -0.41818 -0.38182 -0.34545 -0.30909 -0.27273 -0.23636 -0.2 -0.16364 -0.12727 -0.090909 -0.054545 -0.018182 0.018182 0.054545 0.090909 0.12727 0.16364 0.2 0.23636 0.27273 0.30909 0.34545 0.38182 0.41818 0.45455 0.49091 0.52727 0.56364 0.6 0.63636 0.67273 0.70909 0.74545 0.78182 0.81818 0.85455 0.89091 0.92727 0.96364 1
-1 -0.96429 -0.92857 -0.89286 -0.85714 -0.82143 -0.78571 -0.75 -0.71429 -0.67857 -0.64286 -0.60714 -0.57143 -0.53571 -0.5 -0.46429 -0.42857 -0.39286 -0.35714 -0.32143 -0.28571 -0.25 -0.21429 -0.17857 -0.14286 -0.10714 -0.071429 -0.035714 0 0.035714 0.071429 0.10714 0.14286 0.17857 0.21429 0.25 0.28571 0.32143 0.35714 0.39286 0.42857 0.46429 0.5 0.53571 0.57143 0.60714 0.64286 0.67857 0.71429 0.75 0.78571 0.82143 0.85714 0.89286 0.92857 0.96429 1
-1 -0.96491 -0.92982 -0.89474 -0.85965 -0.82456 -0.78947 -0.75439 -0.7193 -0.68421 -0.64912 -0.61404 -0.57895 -0.54386 -0.50877 -0.47368 -0.4386 -0.40351 -0.36842 -0.33333 -0.29825 -0.26316 -0.22807 -0.19298 -0.15789 -0.12281 -0.087719 -0.052632 -0.017544 0.017544 0.052632 0.087719 0.12281 0.15789 0.19298 0.22807 0.26316 0.29825 0.33333 0.36842 0.40351 0.4386 0.47368 0.50877 0.54386 0.57895 0.61404 0.64912 0.68421 0.7193 0.75439 0.78947 0.82456 0.85965 0.89474 0.92982 0.96491 1
-1 -0.96552 -0.93103 -0.89655 -0.86207 -0.82759 -0.7931 -0.75862 -0.72414 -0.68966 -0.65517 -0.62069 -0.58621 -0.55172 -0.51724 -0.48276 -0.44828 -0.41379 -0.37931 -0.34483 -0.31034 -0.27586 -0.24138 -0.2069 -0.17241 -0.13793 -0.10345 -0.068966 -0.034483 0 0.034483 0.068966 0.10345 0.13793 0.17241 0.2069 0.24138 0.27586 0.31034 0.34483 0.37931 0.41379 0.44828 0.48276 0.51724 0.55172 0.58621 0.62069 0.65517 0.68966 0.72414 0.75862 0.7931 0.82759 0.86207 0.89655 0.93103 0.96552 1
-1 -0.9661 -0.9322 -0.89831 -0.86441 -0.83051 -0.79661 -0.76271 -0.72881 -0.69492 -0.66102 -0.62712 -0.59322 -0.55932 -0.52542 -0.49153 -0.45763 -0.42373 -0.38983 -0.35593 -0.32203 -0.28814 -0.25424 -0.22034 -0.18644 -0.15254 -0.11864 -0.084746 -0.050847 -0.016949 0.016949 0.050847 0.084746 0.11864 0.15254 0.18644 0.22034 0.25424 0.28814 0.32203 0.35593 0.38983 0.42373 0.45763 0.49153 0.52542 0.55932 0.59322 0.62712 0.66102 0.69492 0.72881 0.76271 0.79661 0.83051 0.86441 0.89831 0.9322 0.9661 1
-1 -0.96667 -0.93333 -0.9 -0.86667 -0.83333 -0.8 -0.76667 -0.73333 -0.7 -0.66667 -0.63333 -0.6 -0.56667 -0.53333 -0.5 -0.46667 -0.43333 -0.4 -0.36667 -0.33333 -0.3 -0.26667 -0.23333 -0.2 -0.16667 -0.13333 -0.1 -0.066667 -0.033333 0 0.033333 0.066667 0.1 0.13333 0.16667 0.2 0.23333 0.26667 0.3 0.33333 0.36667 0.4 0.43333 0.46667 0.5 0.53333 0.56667 0.6 0.63333 0.66667 0.7 0.73333 0.76667 0.8 0.83333 0.86667 0.9 0.93333 0.96667 1
-1 -0.96721 -0.93443 -0.90164 -0.86885 -0.83607 -0.80328 -0.77049 -0.7377 -0.70492 -0.67213 -0.63934 -0.60656 -0.57377 -0.54098 -0.5082 -0.47541 -0.44262 -0.40984 -0.37705 -0.34426 -0.31148 -0.27869 -0.2459 -0.21311 -0.18033 -0.14754 -0.11475 -0.081967 -0.04918 -0.016393 0.016393 0.04918 0.081967 0.11475 0.14754 0.18033 0.21311 0.2459 0.27869 0.31148 0.34426 0.37705 0.40984 0.44262 0.47541 0.5082 0.54098 0.57377 0.60656 0.63934 0.67213 0.70492 0.7377 0.77049 0.80328 0.83607 0.86885 0.90164 0.93443 0.96721 1
-1 -0.96774 -0.93548 -0.90323 -0.87097 -0.83871 -0.80645 -0.77419 -0.74194 -0.70968 -0.67742 -0.64516 -0.6129 -0.58065 -0.54839 -0.51613 -0.48387 -0.45161 -0.41935 -0.3871 -0.35484 -0.32258 -0.29032 -0.25806 -0.22581 -0.19355 -0.16129 -0.12903 -0.096774 -0.064516 -0.032258 0 0.032258 0.064516 0.096774 0.12903 0.16129 0.19355 0.22581 0.25806 0.29032 0.32258 0.35484 0.3871 0.41935 0.45161 0.48387 0.51613 0.54839 0.58065 0.6129 0.64516 0.67742 0.70968 0.74194 0.77419 0.80645 0.83871 0.87097 0.90323 0.93548 0.96774 1
-1 -0.96825 -0.93651 -0.90476 -0.87302 -0.84127 -0.80952 -0.77778 -0.74603 -0.71429 -0.68254 -0.65079 -0.61905 -0.5873 -0.55556 -0.52381 -0.49206 -0.46032 -0.42857 -0.39683 -0.36508 -0.33333 -0.30159 -0.26984 -0.2381 -0.20635 -0.1746 -0.14286 -0.11111 -0.079365 -0.047619 -0.015873 0.015873 0.047619 0.079365 0.11111 0.14286 0.1746 0.20635 0.2381 0.26984 0.30159 0.33333 0.36508 0.39683 0.42857 0.46032 0.49206 0.52381 0.55556 0.5873 0.61905 0.65079 0.68254 0.71429 0.74603 0.77778 0.80952 0.84127 0.87302 0.90476 0.93651 0.96825 1
-1 -0.96875 -0.9375 -0.90625 -0.875 -0.84375 -0.8125 -0.78125 -0.75 -0.71875 -0.6875 -0.65625 -0.625 -0.59375 -0.5625 -0.53125 -0.5 -0.46875 -0.4375 -0.40625 -0.375 -0.34375 -0.3125 -0.28125 -0.25 -0.21875 -0.1875 -0.15625 -0.125 -0.09375 -0.0625 -0.03125 0 0.03125 0.0625 0.09375 0.125 0.15625 0.1875 0.21875 0.25 0.28125 0.3125 0.34375 0.375 0.40625 0.4375 0.46875 0.5 0.53125 0.5625 0.59375 0.625 0.65625 0.6875 0.71875 0.75 0.78125 0.8125 0.84375 0.875 0.90625 0.9375 0.96875 1
-1 -0.96923 -0.93846 -0.90769 -0.87692 -0.84615 -0.81538 -0.78462 -0.75385 -0.72308 -0.69231 -0.66154 -0.63077 -0.6 -0.56923 -0.53846 -0.50769 -0.47692 -0.44615 -0.41538 -0.38462 -0.35385 -0.32308 -0.29231 -0.26154 -0.23077 -0.2 -0.16923 -0.13846 -0.10769 -0.076923 -0.046154 -0.015385 0.015385 0.046154 0.076923 0.10769 0.13846 0.16923 0.2 0.23077 0.26154 0.29231 0.32308 0.35385 0.38462 0.41538 0.44615 0.47692 0.50769 0.53846 0.56923 0.6 0.63077 0.66154 0.69231 0.72308 0.75385 0.78462 0.81538 0.84615 0.87692 0.90769 0.93846 0.96923 1
-1 -0.9697 -0.93939 -0.90909 -0.87879 -0.84848 -0.81818 -0.78788 -0.75758 -0.72727 -0.69697 -0.66667 -0.63636 -0.60606 -0.57576 -0.54545 -0.51515 -0.48485 -0.45455 -0.42424 -0.39394 -0.36364 -0.33333 -0.30303 -0.27273 -0.24242 -0.21212 -0.18182 -0.15152 -0.12121 -0.090909 -0.060606 -0.030303 0 0.030303 0.060606 0.090909 0.12121 0.15152 0.18182 0.21212 0.24242 0.27273 0.30303 0.33333 0.36364 0.39394 0.42424 0.45455 0.48485 0.51515 0.54545 0.57576 0.60606 0.63636 0.66667 0.69697 0.72727 0.75758 0.78788 0.81818 0.84848 0.87879 0.90909 0.93939 0.9697 1
-1 -0.97015 -0.9403 -0.91045 -0.8806 -0.85075 -0.8209 -0.79104 -0.76119 -0.73134 -0.70149 -0.67164 -0.64179 -0.61194 -0.58209 -0.55224 -0.52239 -0.49254 -0.46269 -0.43284 -0.40299 -0.37313 -0.34328 -0.31343 -0.28358 -0.25373 -0.22388 -0.19403 -0.16418 -0.13433 -0.10448 -0.074627 -0.044776 -0.014925 0.014925 0.044776 0.074627 0.10448 0.13433 0.16418 0.19403 0.22388 0.25373 0.28358 0.31343 0.34328 0.37313 0.40299 0.43284 0.46269 0.49254 0.52239 0.55224 0.58209 0.61194 0.64179 0.67164 0.70149 0.73134 0.76119 0.79104 0.8209 0.85075 0.8806 0.91045 0.9403 0.97015 1
-1 -0.97059 -0.94118 -0.91176 -0.88235 -0.85294 -0.82353 -0.79412 -0.76471 -0.73529 -0.70588 -0.67647 -0.64706 -0.61765 -0.58824 -0.55882 -0.52941 -0.5 -0.47059 -0.44118 -0.41176 -0.38235 -0.35294 -0.32353 -0.29412 -0.26471 -0.23529 -0.20588 -0.17647 -0.14706 -0.11765 -0.088235 -0.058824 -0.029412 0 0.029412 0.058824 0.088235 0.11765 0.14706 0.17647 0.20588 0.23529 0.26471 0.29412 0.32353 0.35294 0.38235 0.41176 0.44118 0.47059 0.5 0.52941 0.55882 0.58824 0.61765 0.64706 0.67647 0.70588 0.73529 0.76471 0.79412 0.82353 0.85294 0.88235 0.91176 0.94118 0.97059 1
-1 -0.97101 -0.94203 -0.91304 -0.88406 -0.85507 -0.82609 -0.7971 -0.76812 -0.73913 -0.71014 -0.68116 -0.65217 -0.62319 -0.5942 -0.56522 -0.53623 -0.50725 -0.47826 -0.44928 -0.42029 -0.3913 -0.36232 -0.33333 -0.30435 -0.27536 -0.24638 -0.21739 -0.18841 -0.15942 -0.13043 -0.10145 -0.072464 -0.043478 -0.014493 0.014493 0.043478 0.072464 0.10145 0.13043 0.15942 0.18841 0.21739 0.24638 0.27536 0.30435 0.33333 0.36232 0.3913 0.42029 0.44928 0.47826 0.50725 0.53623 0.56522 0.5942 0.62319 0.65217 0.68116 0.71014 0.73913 0.76812 0.7971 0.82609 0.85507 0.88406 0.91304 0.94203 0.97101 1
-1 -0.97143 -0.94286 -0.91429 -0.88571 -0.85714 -0.82857 -0.8 -0.77143 -0.74286 -0.71429 -0.68571 -0.65714 -0.62857 -0.6 -0.57143 -0.54286 -0.51429 -0.48571 -0.45714 -0.42857 -0.4 -0.37143 -0.34286 -0.31429 -0.28571 -0.25714 -0.22857 -0.2 -0.17143 -0.14286 -0.11429 -0.085714 -0.057143 -0.028571 0 0.028571 0.057143 0.085714 0.11429 0.14286 0.17143 0.2 0.22857 0.25714 0.28571 0.31429 0.34286 0.37143 0.4 0.42857 0.45714 0.48571 0.51429 0.54286 0.57143 0.6 0.62857 0.65714 0.68571 0.71429 0.74286 0.77143 0.8 0.82857 0.85714 0.88571 0.91429 0.94286 0.97143 1
-1 -0.97183 -0.94366 -0.91549 -0.88732 -0.85915 -0.83099 -0.80282 -0.77465 -0.74648 -0.71831 -0.69014 -0.66197 -0.6338 -0.60563 -0.57746 -0.5493 -0.52113 -0.49296 -0.46479 -0.43662 -0.40845 -0.38028 -0.35211 -0.32394 -0.29577 -0.26761 -0.23944 -0.21127 -0.1831 -0.15493 -0.12676 -0.098592 -0.070423 -0.042254 -0.014085 0.014085 0.042254 0.070423 0.098592 0.12676 0.15493 0.1831 0.21127 0.23944 0.26761 0.29577 0.32394 0.35211 0.38028 0.40845 0.43662 0.46479 0.49296 0.52113 0.5493 0.57746 0.60563 0.6338 0.66197 0.69014 0.71831 0.74648 0.77465 0.80282 0.83099 0.85915 0.88732 0.91549 0.94366 0.97183 1
-1 -0.97222 -0.94444 -0.91667 -0.88889 -0.86111 -0.83333 -0.80556 -0.77778 -0.75 -0.72222 -0.69444 -0.66667 -0.63889 -0.61111 -0.58333 -0.55556 -0.52778 -0.5 -0.47222 -0.44444 -0.41667 -0.38889 -0.36111 -0.33333 -0.30556 -0.27778 -0.25 -0.22222 -0.19444 -0.16667 -0.13889 -0.11111 -0.083333 -0.055556 -0.027778 0 0.027778 0.055556 0.083333 0.11111 0.13889 0.16667 0.19444 0.22222 0.25 0.27778 0.30556 0.33333 0.36111 0.38889 0.41667 0.44444 0.47222 0.5 0.52778 0.55556 0.58333 0.61111 0.63889 0.66667 0.69444 0.72222 0.75 0.77778 0.80556 0.83333 0.86111 0.88889 0.91667 0.94444 0.97222 1
-1 -0.9726 -0.94521 -0.91781 -0.89041 -0.86301 -0.83562 -0.80822 -0.78082 -0.75342 -0.72603 -0.69863 -0.67123 -0.64384 -0.61644 -0.58904 -0.56164 -0.53425 -0.50685 -0.47945 -0.45205 -0.42466 -0.39726 -0.36986 -0.34247 -0.31507 -0.28767 -0.26027 -0.23288 -0.20548 -0.17808 -0.15068 -0.12329 -0.09589 -0.068493 -0.041096 -0.013699 0.013699 0.041096 0.068493 0.09589 0.12329 0.15068 0.17808 0.20548 0.23288 0.26027 0.28767 0.31507 0.34247 0.36986 0.39726 0.42466 0.45205 0.47945 0.50685 0.53425 0.56164 0.58904 0.61644 0.64384 0.67123 0.69863 0.72603 0.75342 0.78082 0.80822 0.83562 0.86301 0.89041 0.91781 0.94521 0.9726 1
-1 -0.97297 -0.94595 -0.91892 -0.89189 -0.86486 -0.83784 -0.81081 -0.78378 -0.75676 -0.72973 -0.7027 -0.67568 -0.64865 -0.62162 -0.59459 -0.56757 -0.54054 -0.51351 -0.48649 -0.45946 -0.43243 -0.40541 -0.37838 -0.35135 -0.32432 -0.2973 -0.27027 -0.24324 -0.21622 -0.18919 -0.16216 -0.13514 -0.10811 -0.081081 -0.054054 -0.027027 0 0.027027 0.054054 0.081081 0.10811 0.13514 0.16216 0.18919 0.21622 0.24324 0.27027 0.2973 0.32432 0.35135 0.37838 0.40541 0.43243 0.45946 0.48649 0.51351 0.54054 0.56757 0.59459 0.62162 0.64865 0.67568 0.7027 0.72973 0.75676 0.78378 0.81081 0.83784 0.86486 0.89189 0.91892 0.94595 0.97297 1
-1 -0.97333 -0.94667 -0.92 -0.89333 -0.86667 -0.84 -0.81333 -0.78667 -0.76 -0.73333 -0.70667 -0.68 -0.65333 -0.62667 -0.6 -0.57333 -0.54667 -0.52 -0.49333 -0.46667 -0.44 -0.41333 -0.38667 -0.36 -0.33333 -0.30667 -0.28 -0.25333 -0.22667 -0.2 -0.17333 -0.14667 -0.12 -0.093333 -0.066667 -0.04 -0.013333 0.013333 0.04 0.066667 0.093333 0.12 0.14667 0.17333 0.2 0.22667 0.25333 0.28 0.30667 0.33333 0.36 0.38667 0.41333 0.44 0.46667 0.49333 0.52 0.54667 0.57333 0.6 0.62667 0.65333 0.68 0.70667 0.73333 0.76 0.78667 0.81333 0.84 0.86667 0.89333 0.92 0.94667 0.97333 1
-1 -0.97368 -0.94737 -0.92105 -0.89474 -0.86842 -0.84211 -0.81579 -0.78947 -0.76316 -0.73684 -0.71053 -0.68421 -0.65789 -0.63158 -0.60526 -0.57895 -0.55263 -0.52632 -0.5 -0.47368 -0.44737 -0.42105 -0.39474 -0.36842 -0.34211 -0.31579 -0.28947 -0.26316 -0.23684 -0.21053 -0.18421 -0.15789 -0.13158 -0.10526 -0.078947 -0.052632 -0.026316 0 0.026316 0.052632 0.078947 0.10526 0.13158 0.15789 0.18421 0.21053 0.23684 0.26316 0.28947 0.31579 0.34211 0.36842 0.39474 0.42105 0.44737 0.47368 0.5 0.52632 0.55263 0.57895 0.60526 0.63158 0.65789 0.68421 0.71053 0.73684 0.76316 0.78947 0.81579 0.84211 0.86842 0.89474 0.92105 0.94737 0.97368 1
-1 -0.97403 -0.94805 -0.92208 -0.8961 -0.87013 -0.84416 -0.81818 -0.79221 -0.76623 -0.74026 -0.71429 -0.68831 -0.66234 -0.63636 -0.61039 -0.58442 -0.55844 -0.53247 -0.50649 -0.48052 -0.45455 -0.42857 -0.4026 -0.37662 -0.35065 -0.32468 -0.2987 -0.27273 -0.24675 -0.22078 -0.19481 -0.16883 -0.14286 -0.11688 -0.090909 -0.064935 -0.038961 -0.012987 0.012987 0.038961 0.064935 0.090909 0.11688 0.14286 0.16883 0.19481 0.22078 0.24675 0.27273 0.2987 0.32468 0.35065 0.37662 0.4026 0.42857 0.45455 0.48052 0.50649 0.53247 0.55844 0.58442 0.61039 0.63636 0.66234 0.68831 0.71429 0.74026 0.76623 0.79221 0.81818 0.84416 0.87013 0.8961 0.92208 0.94805 0.97403 1
-1 -0.97436 -0.94872 -0.92308 -0.89744 -0.87179 -0.84615 -0.82051 -0.79487 -0.76923 -0.74359 -0.71795 -0.69231 -0.66667 -0.64103 -0.61538 -0.58974 -0.5641 -0.53846 -0.51282 -0.48718 -0.46154 -0.4359 -0.41026 -0.38462 -0.35897 -0.33333 -0.30769 -0.28205 -0.25641 -0.23077 -0.20513 -0.17949 -0.15385 -0.12821 -0.10256 -0.076923 -0.051282 -0.025641 0 0.025641 0.051282 0.076923 0.10256 0.12821 0.15385 0.17949 0.20513 0.23077 0.25641 0.28205 0.30769 0.33333 0.35897 0.38462 0.41026 0.4359 0.46154 0.48718 0.51282 0.53846 0.5641 0.58974 0.61538 0.64103 0.66667 0.69231 0.71795 0.74359 0.76923 0.79487 0.82051 0.84615 0.87179 0.89744 0.92308 0.94872 0.97436 1
-1 -0.97468 -0.94937 -0.92405 -0.89873 -0.87342 -0.8481 -0.82278 -0.79747 -0.77215 -0.74684 -0.72152 -0.6962 -0.67089 -0.64557 -0.62025 -0.59494 -0.56962 -0.5443 -0.51899 -0.49367 -0.46835 -0.44304 -0.41772 -0.39241 -0.36709 -0.34177 -0.31646 -0.29114 -0.26582 -0.24051 -0.21519 -0.18987 -0.16456 -0.13924 -0.11392 -0.088608 -0.063291 -0.037975 -0.012658 0.012658 0.037975 0.063291 0.088608 0.11392 0.13924 0.16456 0.18987 0.21519 0.24051 0.26582 0.29114 0.31646 0.34177 0.36709 0.39241 0.41772 0.44304 0.46835 0.49367 0.51899 0.5443 0.56962 0.59494 0.62025 0.64557 0.67089 0.6962 0.72152 0.74684 0.77215 0.79747 0.82278 0.8481 0.87342 0.89873 0.92405 0.94937 0.97468 1
-1 -0.975 -0.95 -0.925 -0.9 -0.875 -0.85 -0.825 -0.8 -0.775 -0.75 -0.725 -0.7 -0.675 -0.65 -0.625 -0.6 -0.575 -0.55 -0.525 -0.5 -0.475 -0.45 -0.425 -0.4 -0.375 -0.35 -0.325 -0.3 -0.275 -0.25 -0.225 -0.2 -0.175 -0.15 -0.125 -0.1 -0.075 -0.05 -0.025 0 0.025 0.05 0.075 0.1 0.125 0.15 0.175 0.2 0.225 0.25 0.275 0.3 0.325 0.35 0.375 0.4 0.425 0.45 0.475 0.5 0.525 0.55 0.575 0.6 0.625 0.65 0.675 0.7 0.725 0.75 0.775 0.8 0.825 0.85 0.875 0.9 0.925 0.95 0.975 1
-1 -0.97531 -0.95062 -0.92593 -0.90123 -0.87654 -0.85185 -0.82716 -0.80247 -0.77778 -0.75309 -0.7284 -0.7037 -0.67901 -0.65432 -0.62963 -0.60494 -0.58025 -0.55556 -0.53086 -0.50617 -0.48148 -0.45679 -0.4321 -0.40741 -0.38272 -0.35802 -0.33333 -0.30864 -0.28395 -0.25926 -0.23457 -0.20988 -0.18519 -0.16049 -0.1358 -0.11111 -0.08642 -0.061728 -0.037037 -0.012346 0.012346 0.037037 0.061728 0.08642 0.11111 0.1358 0.16049 0.18519 0.20988 0.23457 0.25926 0.28395 0.30864 0.33333 0.35802 0.38272 0.40741 0.4321 0.45679 0.48148 0.50617 0.53086 0.55556 0.58025 0.60494 0.62963 0.65432 0.67901 0.7037 0.7284 0.75309 0.77778 0.80247 0.82716 0.85185 0.87654 0.90123 0.92593 0.95062 0.97531 1
-1 -0.97561 -0.95122 -0.92683 -0.90244 -0.87805 -0.85366 -0.82927 -0.80488 -0.78049 -0.7561 -0.73171 -0.70732 -0.68293 -0.65854 -0.63415 -0.60976 -0.58537 -0.56098 -0.53659 -0.5122 -0.4878 -0.46341 -0.43902 -0.41463 -0.39024 -0.36585 -0.34146 -0.31707 -0.29268 -0.26829 -0.2439 -0.21951 -0.19512 -0.17073 -0.14634 -0.12195 -0.097561 -0.073171 -0.04878 -0.02439 0 0.02439 0.04878 0.073171 0.097561 0.12195 0.14634 0.17073 0.19512 0.21951 0.2439 0.26829 0.29268 0.31707 0.34146 0.36585 0.39024 0.41463 0.43902 0.46341 0.4878 0.5122 0.53659 0.56098 0.58537 0.60976 0.63415 0.65854 0.68293 0.70732 0.73171 0.7561 0.78049 0.80488 0.82927 0.85366 0.87805 0.90244 0.92683 0.95122 0.97561 1
-1 -0.9759 -0.95181 -0.92771 -0.90361 -0.87952 -0.85542 -0.83133 -0.80723 -0.78313 -0.75904 -0.73494 -0.71084 -0.68675 -0.66265 -0.63855 -0.61446 -0.59036 -0.56627 -0.54217 -0.51807 -0.49398 -0.46988 -0.44578 -0.42169 -0.39759 -0.37349 -0.3494 -0.3253 -0.3012 -0.27711 -0.25301 -0.22892 -0.20482 -0.18072 -0.15663 -0.13253 -0.10843 -0.084337 -0.060241 -0.036145 -0.012048 0.012048 0.036145 0.060241 0.084337 0.10843 0.13253 0.15663 0.18072 0.20482 0.22892 0.25301 0.27711 0.3012 0.3253 0.3494 0.37349 0.39759 0.42169 0.44578 0.46988 0.49398 0.51807 0.54217 0.56627 0.59036 0.61446 0.63855 0.66265 0.68675 0.71084 0.73494 0.75904 0.78313 0.80723 0.83133 0.85542 0.87952 0.90361 0.92771 0.95181 0.9759 1
-1 -0.97619 -0.95238 -0.92857 -0.90476 -0.88095 -0.85714 -0.83333 -0.80952 -0.78571 -0.7619 -0.7381 -0.71429 -0.69048 -0.66667 -0.64286 -0.61905 -0.59524 -0.57143 -0.54762 -0.52381 -0.5 -0.47619 -0.45238 -0.42857 -0.40476 -0.38095 -0.35714 -0.33333 -0.30952 -0.28571 -0.2619 -0.2381 -0.21429 -0.19048 -0.16667 -0.14286 -0.11905 -0.095238 -0.071429 -0.047619 -0.02381 0 0.02381 0.047619 0.071429 0.095238 0.11905 0.14286 0.16667 0.19048 0.21429 0.2381 0.2619 0.28571 0.30952 0.33333 0.35714 0.38095 0.40476 0.42857 0.45238 0.47619 0.5 0.52381 0.54762 0.57143 0.59524 0.61905 0.64286 0.66667 0.69048 0.71429 0.7381 0.7619 0.78571 0.80952 0.83333 0.85714 0.88095 0.90476 0.92857 0.95238 0.97619 1
-1 -0.97647 -0.95294 -0.92941 -0.90588 -0.88235 -0.85882 -0.83529 -0.81176 -0.78824 -0.76471 -0.74118 -0.71765 -0.69412 -0.67059 -0.64706 -0.62353 -0.6 -0.57647 -0.55294 -0.52941 -0.50588 -0.48235 -0.45882 -0.43529 -0.41176 -0.38824 -0.36471 -0.34118 -0.31765 -0.29412 -0.27059 -0.24706 -0.22353 -0.2 -0.17647 -0.15294 -0.12941 -0.10588 -0.082353 -0.058824 -0.035294 -0.011765 0.011765 0.035294 0.058824 0.082353 0.10588 0.12941 0.15294 0.17647 0.2 0.22353 0.24706 0.27059 0.29412 0.31765 0.34118 0.36471 0.38824 0.41176 0.43529 0.45882 0.48235 0.50588 0.52941 0.55294 0.57647 0.6 0.62353 0.64706 0.67059 0.69412 0.71765 0.74118 0.76471 0.78824 0.81176 0.83529 0.85882 0.88235 0.90588 0.92941 0.95294 0.97647 1
-1 -0.97674 -0.95349 -0.93023 -0.90698 -0.88372 -0.86047 -0.83721 -0.81395 -0.7907 -0.76744 -0.74419 -0.72093 -0.69767 -0.67442 -0.65116 -0.62791 -0.60465 -0.5814 -0.55814 -0.53488 -0.51163 -0.48837 -0.46512 -0.44186 -0.4186 -0.39535 -0.37209 -0.34884 -0.32558 -0.30233 -0.27907 -0.25581 -0.23256 -0.2093 -0.18605 -0.16279 -0.13953 -0.11628 -0.093023 -0.069767 -0.046512 -0.023256 0 0.023256 0.046512 0.069767 0.093023 0.11628 0.13953 0.16279 0.18605 0.2093 0.23256 0.25581 0.27907 0.30233 0.32558 0.34884 0.37209 0.39535 0.4186 0.44186 0.46512 0.48837 0.51163 0.53488 0.55814 0.5814 0.60465 0.62791 0.65116 0.67442 0.69767 0.72093 0.74419 0.76744 0.7907 0.81395 0.83721 0.86047 0.88372 0.90698 0.93023 0.95349 0.97674 1
-1 -0.97701 -0.95402 -0.93103 -0.90805 -0.88506 -0.86207 -0.83908 -0.81609 -0.7931 -0.77011 -0.74713 -0.72414 -0.70115 -0.67816 -0.65517 -0.63218 -0.6092 -0.58621 -0.56322 -0.54023 -0.51724 -0.49425 -0.47126 -0.44828 -0.42529 -0.4023 -0.37931 -0.35632 -0.33333 -0.31034 -0.28736 -0.26437 -0.24138 -0.21839 -0.1954 -0.17241 -0.14943 -0.12644 -0.10345 -0.08046 -0.057471 -0.034483 -0.011494 0.011494 0.034483 0.057471 0.08046 0.10345 0.12644 0.14943 0.17241 0.1954 0.21839 0.24138 0.26437 0.28736 0.31034 0.33333 0.35632 0.37931 0.4023 0.42529 0.44828 0.47126 0.49425 0.51724 0.54023 0.56322 0.58621 0.6092 0.63218 0.65517 0.67816 0.70115 0.72414 0.74713 0.77011 0.7931 0.81609 0.83908 0.86207 0.88506 0.90805 0.93103 0.95402 0.97701 1
-1 -0.97727 -0.95455 -0.93182 -0.90909 -0.88636 -0.86364 -0.84091 -0.81818 -0.79545 -0.77273 -0.75 -0.72727 -0.70455 -0.68182 -0.65909 -0.63636 -0.61364 -0.59091 -0.56818 -0.54545 -0.52273 -0.5 -0.47727 -0.45455 -0.43182 -0.40909 -0.38636 -0.36364 -0.34091 -0.31818 -0.29545 -0.27273 -0.25 -0.22727 -0.20455 -0.18182 -0.15909 -0.13636 -0.11364 -0.090909 -0.068182 -0.045455 -0.022727 0 0.022727 0.045455 0.068182 0.090909 0.11364 0.13636 0.15909 0.18182 0.20455 0.22727 0.25 0.27273 0.29545 0.31818 0.34091 0.36364 0.38636 0.40909 0.43182 0.45455 0.47727 0.5 0.52273 0.54545 0.56818 0.59091 0.61364 0.63636 0.65909 0.68182 0.70455 0.72727 0.75 0.77273 0.79545 0.81818 0.84091 0.86364 0.88636 0.90909 0.93182 0.95455 0.97727 1
-1 -0.97753 -0.95506 -0.93258 -0.91011 -0.88764 -0.86517 -0.8427 -0.82022 -0.79775 -0.77528 -0.75281 -0.73034 -0.70787 -0.68539 -0.66292 -0.64045 -0.61798 -0.59551 -0.57303 -0.55056 -0.52809 -0.50562 -0.48315 -0.46067 -0.4382 -0.41573 -0.39326 -0.37079 -0.34831 -0.32584 -0.30337 -0.2809 -0.25843 -0.23596 -0.21348 -0.19101 -0.16854 -0.14607 -0.1236 -0.10112 -0.078652 -0.05618 -0.033708 -0.011236 0.011236 0.033708 0.05618 0.078652 0.10112 0.1236 0.14607 0.16854 0.19101 0.21348 0.23596 0.25843 0.2809 0.30337 0.32584 0.34831 0.37079 0.39326 0.41573 0.4382 0.46067 0.48315 0.50562 0.52809 0.55056 0.57303 0.59551 0.61798 0.64045 0.66292 0.68539 0.70787 0.73034 0.75281 0.77528 0.79775 0.82022 0.8427 0.86517 0.88764 0.91011 0.93258 0.95506 0.97753 1
-1 -0.97778 -0.95556 -0.93333 -0.91111 -0.88889 -0.86667 -0.84444 -0.82222 -0.8 -0.77778 -0.75556 -0.73333 -0.71111 -0.68889 -0.66667 -0.64444 -0.62222 -0.6 -0.57778 -0.55556 -0.53333 -0.51111 -0.48889 -0.46667 -0.44444 -0.42222 -0.4 -0.37778 -0.35556 -0.33333 -0.31111 -0.28889 -0.26667 -0.24444 -0.22222 -0.2 -0.17778 -0.15556 -0.13333 -0.11111 -0.088889 -0.066667 -0.044444 -0.022222 0 0.022222 0.044444 0.066667 0.088889 0.11111 0.13333 0.15556 0.17778 0.2 0.22222 0.24444 0.26667 0.28889 0.31111 0.33333 0.35556 0.37778 0.4 0.42222 0.44444 0.46667 0.48889 0.51111 0.53333 0.55556 0.57778 0.6 0.62222 0.64444 0.66667 0.68889 0.71111 0.73333 0.75556 0.77778 0.8 0.82222 0.84444 0.86667 0.88889 0.91111 0.93333 0.95556 0.97778 1
-1 -0.97802 -0.95604 -0.93407 -0.91209 -0.89011 -0.86813 -0.84615 -0.82418 -0.8022 -0.78022 -0.75824 -0.73626 -0.71429 -0.69231 -0.67033 -0.64835 -0.62637 -0.6044 -0.58242 -0.56044 -0.53846 -0.51648 -0.49451 -0.47253 -0.45055 -0.42857 -0.40659 -0.38462 -0.36264 -0.34066 -0.31868 -0.2967 -0.27473 -0.25275 -0.23077 -0.20879 -0.18681 -0.16484 -0.14286 -0.12088 -0.098901 -0.076923 -0.054945 -0.032967 -0.010989 0.010989 0.032967 0.054945 0.076923 0.098901 0.12088 0.14286 0.16484 0.18681 0.20879 0.23077 0.25275 0.27473 0.2967 0.31868 0.34066 0.36264 0.38462 0.40659 0.42857 0.45055 0.47253 0.49451 0.51648 0.53846 0.56044 0.58242 0.6044 0.62637 0.64835 0.67033 0.69231 0.71429 0.73626 0.75824 0.78022 0.8022 0.82418 0.84615 0.86813 0.89011 0.91209 0.93407 0.95604 0.97802 1
-1 -0.97826 -0.95652 -0.93478 -0.91304 -0.8913 -0.86957 -0.84783 -0.82609 -0.80435 -0.78261 -0.76087 -0.73913 -0.71739 -0.69565 -0.67391 -0.65217 -0.63043 -0.6087 -0.58696 -0.56522 -0.54348 -0.52174 -0.5 -0.47826 -0.45652 -0.43478 -0.41304 -0.3913 -0.36957 -0.34783 -0.32609 -0.30435 -0.28261 -0.26087 -0.23913 -0.21739 -0.19565 -0.17391 -0.15217 -0.13043 -0.1087 -0.086957 -0.065217 -0.043478 -0.021739 0 0.021739 0.043478 0.065217 0.086957 0.1087 0.13043 0.15217 0.17391 0.19565 0.21739 0.23913 0.26087 0.28261 0.30435 0.32609 0.34783 0.36957 0.3913 0.41304 0.43478 0.45652 0.47826 0.5 0.52174 0.54348 0.56522 0.58696 0.6087 0.63043 0.65217 0.67391 0.69565 0.71739 0.73913 0.76087 0.78261 0.80435 0.82609 0.84783 0.86957 0.8913 0.91304 0.93478 0.95652 0.97826 1
-1 -0.97849 -0.95699 -0.93548 -0.91398 -0.89247 -0.87097 -0.84946 -0.82796 -0.80645 -0.78495 -0.76344 -0.74194 -0.72043 -0.69892 -0.67742 -0.65591 -0.63441 -0.6129 -0.5914 -0.56989 -0.54839 -0.52688 -0.50538 -0.48387 -0.46237 -0.44086 -0.41935 -0.39785 -0.37634 -0.35484 -0.33333 -0.31183 -0.29032 -0.26882 -0.24731 -0.22581 -0.2043 -0.1828 -0.16129 -0.13978 -0.11828 -0.096774 -0.075269 -0.053763 -0.032258 -0.010753 0.010753 0.032258 0.053763 0.075269 0.096774 0.11828 0.13978 0.16129 0.1828 0.2043 0.22581 0.24731 0.26882 0.29032 0.31183 0.33333 0.35484 0.37634 0.39785 0.41935 0.44086 0.46237 0.48387 0.50538 0.52688 0.54839 0.56989 0.5914 0.6129 0.63441 0.65591 0.67742 0.69892 0.72043 0.74194 0.76344 0.78495 0.80645 0.82796 0.84946 0.87097 0.89247 0.91398 0.93548 0.95699 0.97849 1
-1 -0.97872 -0.95745 -0.93617 -0.91489 -0.89362 -0.87234 -0.85106 -0.82979 -0.80851 -0.78723 -0.76596 -0.74468 -0.7234 -0.70213 -0.68085 -0.65957 -0.6383 -0.61702 -0.59574 -0.57447 -0.55319 -0.53191 -0.51064 -0.48936 -0.46809 -0.44681 -0.42553 -0.40426 -0.38298 -0.3617 -0.34043 -0.31915 -0.29787 -0.2766 -0.25532 -0.23404 -0.21277 -0.19149 -0.17021 -0.14894 -0.12766 -0.10638 -0.085106 -0.06383 -0.042553 -0.021277 0 0.021277 0.042553 0.06383 0.085106 0.10638 0.12766 0.14894 0.17021 0.19149 0.21277 0.23404 0.25532 0.2766 0.29787 0.31915 0.34043 0.3617 0.38298 0.40426 0.42553 0.44681 0.46809 0.48936 0.51064 0.53191 0.55319 0.57447 0.59574 0.61702 0.6383 0.65957 0.68085 0.70213 0.7234 0.74468 0.76596 0.78723 0.80851 0.82979 0.85106 0.87234 0.89362 0.91489 0.93617 0.95745 0.97872 1
-1 -0.97895 -0.95789 -0.93684 -0.91579 -0.89474 -0.87368 -0.85263 -0.83158 -0.81053 -0.78947 -0.76842 -0.74737 -0.72632 -0.70526 -0.68421 -0.66316 -0.64211 -0.62105 -0.6 -0.57895 -0.55789 -0.53684 -0.51579 -0.49474 -0.47368 -0.45263 -0.43158 -0.41053 -0.38947 -0.36842 -0.34737 -0.32632 -0.30526 -0.28421 -0.26316 -0.24211 -0.22105 -0.2 -0.17895 -0.15789 -0.13684 -0.11579 -0.094737 -0.073684 -0.052632 -0.031579 -0.010526 0.010526 0.031579 0.052632 0.073684 0.094737 0.11579 0.13684 0.15789 0.17895 0.2 0.22105 0.24211 0.26316 0.28421 0.30526 0.32632 0.34737 0.36842 0.38947 0.41053 0.43158 0.45263 0.47368 0.49474 0.51579 0.53684 0.55789 0.57895 0.6 0.62105 0.64211 0.66316 0.68421 0.70526 0.72632 0.74737 0.76842 0.78947 0.81053 0.83158 0.85263 0.87368 0.89474 0.91579 0.93684 0.95789 0.97895 1
-1 -0.97917 -0.95833 -0.9375 -0.91667 -0.89583 -0.875 -0.85417 -0.83333 -0.8125 -0.79167 -0.77083 -0.75 -0.72917 -0.70833 -0.6875 -0.66667 -0.64583 -0.625 -0.60417 -0.58333 -0.5625 -0.54167 -0.52083 -0.5 -0.47917 -0.45833 -0.4375 -0.41667 -0.39583 -0.375 -0.35417 -0.33333 -0.3125 -0.29167 -0.27083 -0.25 -0.22917 -0.20833 -0.1875 -0.16667 -0.14583 -0.125 -0.10417 -0.083333 -0.0625 -0.041667 -0.020833 0 0.020833 0.041667 0.0625 0.083333 0.10417 0.125 0.14583 0.16667 0.1875 0.20833 0.22917 0.25 0.27083 0.29167 0.3125 0.33333 0.35417 0.375 0.39583 0.41667 0.4375 0.45833 0.47917 0.5 0.52083 0.54167 0.5625 0.58333 0.60417 0.625 0.64583 0.66667 0.6875 0.70833 0.72917 0.75 0.77083 0.79167 0.8125 0.83333 0.85417 0.875 0.89583 0.91667 0.9375 0.95833 0.97917 1
-1 -0.97938 -0.95876 -0.93814 -0.91753 -0.89691 -0.87629 -0.85567 -0.83505 -0.81443 -0.79381 -0.7732 -0.75258 -0.73196 -0.71134 -0.69072 -0.6701 -0.64948 -0.62887 -0.60825 -0.58763 -0.56701 -0.54639 -0.52577 -0.50515 -0.48454 -0.46392 -0.4433 -0.42268 -0.40206 -0.38144 -0.36082 -0.34021 -0.31959 -0.29897 -0.27835 -0.25773 -0.23711 -0.21649 -0.19588 -0.17526 -0.15464 -0.13402 -0.1134 -0.092784 -0.072165 -0.051546 -0.030928 -0.010309 0.010309 0.030928 0.051546 0.072165 0.092784 0.1134 0.13402 0.15464 0.17526 0.19588 0.21649 0.23711 0.25773 0.27835 0.29897 0.31959 0.34021 0.36082 0.38144 0.40206 0.42268 0.4433 0.46392 0.48454 0.50515 0.52577 0.54639 0.56701 0.58763 0.60825 0.62887 0.64948 0.6701 0.69072 0.71134 0.73196 0.75258 0.7732 0.79381 0.81443 0.83505 0.85567 0.87629 0.89691 0.91753 0.93814 0.95876 0.97938 1
-1 -0.97959 -0.95918 -0.93878 -0.91837 -0.89796 -0.87755 -0.85714 -0.83673 -0.81633 -0.79592 -0.77551 -0.7551 -0.73469 -0.71429 -0.69388 -0.67347 -0.65306 -0.63265 -0.61224 -0.59184 -0.57143 -0.55102 -0.53061 -0.5102 -0.4898 -0.46939 -0.44898 -0.42857 -0.40816 -0.38776 -0.36735 -0.34694 -0.32653 -0.30612 -0.28571 -0.26531 -0.2449 -0.22449 -0.20408 -0.18367 -0.16327 -0.14286 -0.12245 -0.10204 -0.081633 -0.061224 -0.040816 -0.020408 0 0.020408 0.040816 0.061224 0.081633 0.10204 0.12245 0.14286 0.16327 0.18367 0.20408 0.22449 0.2449 0.26531 0.28571 0.30612 0.32653 0.34694 0.36735 0.38776 0.40816 0.42857 0.44898 0.46939 0.4898 0.5102 0.53061 0.55102 0.57143 0.59184 0.61224 0.63265 0.65306 0.67347 0.69388 0.71429 0.73469 0.7551 0.77551 0.79592 0.81633 0.83673 0.85714 0.87755 0.89796 0.91837 0.93878 0.95918 0.97959 1
-1 -0.9798 -0.9596 -0.93939 -0.91919 -0.89899 -0.87879 -0.85859 -0.83838 -0.81818 -0.79798 -0.77778 -0.75758 -0.73737 -0.71717 -0.69697 -0.67677 -0.65657 -0.63636 -0.61616 -0.59596 -0.57576 -0.55556 -0.53535 -0.51515 -0.49495 -0.47475 -0.45455 -0.43434 -0.41414 -0.39394 -0.37374 -0.35354 -0.33333 -0.31313 -0.29293 -0.27273 -0.25253 -0.23232 -0.21212 -0.19192 -0.17172 -0.15152 -0.13131 -0.11111 -0.090909 -0.070707 -0.050505 -0.030303 -0.010101 0.010101 0.030303 0.050505 0.070707 0.090909 0.11111 0.13131 0.15152 0.17172 0.19192 0.21212 0.23232 0.25253 0.27273 0.29293 0.31313 0.33333 0.35354 0.37374 0.39394 0.41414 0.43434 0.45455 0.47475 0.49495 0.51515 0.53535 0.55556 0.57576 0.59596 0.61616 0.63636 0.65657 0.67677 0.69697 0.71717 0.73737 0.75758 0.77778 0.79798 0.81818 0.83838 0.85859 0.87879 0.89899 0.91919 0.93939 0.9596 0.9798 1
