0.2333315999963997 
0.0857142857142857 
0.1368421052631575 
0.0565952676142238 
0.0975869232224005 
0.0416580618556701 
0.0758902650756844 
0.0339447513812155 
0.0620922090579318 
0.0269830710833291 
0.0525394562303020 
0.0228969735499183 
0.0455343402174634 
0.0208282297922092 
0.0401774370441919 
0.0188532462768513 
0.0359480234478791 
0.0169723122474598 
0.0325245489466571 
0.0151849140872218 
0.0296958273194112 
0.0134911778455314 
0.0273205080756886 
0.0118912410497575 
0.0252967096058054 
0.0103850620982150 
0.0235523586458381 
0.0089723519851924 
0.0220326247334531 
0.0076534197574453 
0.0206973516411136 
0.0064284189617151 
0.0195144246330589 
0.0052968692808523 
0.0184598024417388 
0.0042590422719384 
0.0175131474206792 
0.0033148748315593 
0.0166587297801728 
0.0024644808600298 
0.0158840928161459 
0.0017079600013184 
0.0151779598229010 
0.0010447624941534 
0.0145323935256024 
0.0004756660646005 
0.0139389242169609 
0.0000000000000003 
0.0133925078894671 
0.0003840390770350 
0.0128870846550829 
0.0006876405195787 
0.0124184823783947 
0.0009218373169707 
0.0119827716521753 
0.0010963267943587 
0.0115763850829811 
0.0012198929899477 
0.0111966841872205 
0.0012995893256063 
0.0108414604111200 
0.0013420670386616 
0.0105080918715143 
0.0013529467456835 
0.0101940231213737 
0.0013372345347639 
0.0098988491267557 
0.0012993899065351 
0.0096201758743077 
0.0012432528533323 
0.0093565330398433 
0.0011724165582128 
0.0091066660922608 
0.0010900492039518 
0.0088702859078991 
0.0009988869149779 
0.0086456288312687 
0.0009015464328429 
0.0084324170601763 
0.0008002474740169 
0.0082289908254360 
0.0006971652572671 
0.0080355902519600 
0.0005941379094046 
0.0078506021626808 
0.0004928319803913 
0.0076743306499616 
0.0003947249051644 
0.0075056265827401 
0.0003014437993356 
0.0073443778482891 
0.0002141809329185 
0.0071894494339145 
0.0001341792192845 
0.0070412320852597 
0.0000623877288551 
0.0068991113002345 
