0.0000000000000000 
1.0000000000000000 
0.0000000000000000 
0.5000000000000000 
0.0000000000000000 
0.3333300000000000 
0.0000000000000000 
0.2500000000000000 
0.0000000000000000 
0.2000000000000000 
0.0000000000000000 
0.1666700000000000 
0.0000000000000000 
0.1428600000000000 
0.0000000000000000 
0.1250000000000000 
0.0000000000000000 
0.1111100000000000 
0.0000000000000000 
0.1000000000000000 
0.0000000000000000 
0.0909100000000000 
0.0000000000000000 
0.0833300000000000 
0.0000000000000000 
0.0769200000000000 
0.0000000000000000 
0.0714300000000000 
0.0000000000000000 
0.0666700000000000 
0.0000000000000000 
0.0625000000000000 
0.0000000000000000 
0.0588200000000000 
0.0000000000000000 
0.0555600000000001 
0.0000000000000000 
0.0526300000000000 
0.0000000000000000 
0.0500000000000000 
0.0000000000000000 
0.0476200000000000 
0.0000000000000000 
0.0454500000000000 
0.0000000000000000 
0.0434800000000000 
0.0000000000000000 
0.0416700000000000 
0.0000000000000000 
0.0400000000000000 
0.0000000000000000 
0.0384600000000000 
0.0000000000000000 
0.0370400000000000 
0.0000000000000000 
0.0357100000000000 
0.0000000000000000 
0.0344800000000000 
0.0000000000000000 
0.0333300000000000 
0.0000000000000000 
0.0322600000000000 
0.0000000000000000 
0.0312500000000000 
0.0000000000000000 
0.0303000000000000 
0.0000000000000000 
0.0294100000000000 
0.0000000000000000 
0.0285700000000000 
0.0000000000000000 
0.0277800000000000 
0.0000000000000000 
0.0270300000000000 
0.0000000000000000 
0.0263200000000000 
0.0000000000000000 
0.0256400000000000 
0.0000000000000000 
0.0250000000000000 
0.0000000000000000 
0.0243900000000000 
0.0000000000000000 
0.0238100000000000 
0.0000000000000000 
0.0232599999999999 
0.0000000000000000 
0.0227300000000000 
0.0000000000000000 
0.0222200000000000 
0.0000000000000000 
0.0217400000000000 
0.0000000000000000 
0.0212800000000000 
0.0000000000000000 
0.0208300000000000 
0.0000000000000000 
0.0204100000000000 
0.0000000000000000 
0.0200000000000000 
0.0000000000000000 
0.0196100000000000 
0.0000000000000000 
0.0192300000000000 
0.0000000000000000 
0.0188700000000001 
0.0000000000000000 
0.0185200000000000 
0.0000000000000000 
0.0181800000000000 
0.0000000000000000 
0.0178600000000000 
0.0000000000000000 
0.0175400000000000 
0.0000000000000000 
0.0172400000000000 
0.0000000000000000 
0.0169500000000000 
0.0000000000000000 
0.0166700000000000 
0.0000000000000000 
0.0163900000000000 
0.0000000000000000 
0.0161300000000000 
0.0000000000000000 
0.0158700000000001 
0.0000000000000000 
0.0156200000000000 
0.0000000000000000 
0.0153799999999999 
0.0000000000000000 
0.0151500000000000 
0.0000000000000000 
0.0149300000000000 
0.0000000000000000 
0.0147100000000000 
0.0000000000000000 
0.0144900000000000 
0.0000000000000000 
0.0142900000000000 
0.0000000000000000 
0.0140800000000000 
0.0000000000000000 
0.0138900000000000 
0.0000000000000000 
0.0137000000000000 
0.0000000000000000 
0.0135100000000000 
0.0000000000000000 
0.0133300000000000 
0.0000000000000000 
0.0131599999999999 
0.0000000000000000 
0.0129899999999999 
0.0000000000000000 
0.0128200000000001 
0.0000000000000000 
0.0126600000000000 
0.0000000000000000 
0.0125000000000000 
0.0000000000000000 
0.0123500000000000 
0.0000000000000000 
0.0122000000000000 
0.0000000000000000 
0.0120500000000000 
0.0000000000000000 
0.0119000000000000 
0.0000000000000000 
0.0117600000000000 
0.0000000000000000 
0.0116300000000000 
0.0000000000000000 
0.0114900000000000 
0.0000000000000000 
0.0113600000000000 
0.0000000000000000 
0.0112400000000000 
0.0000000000000000 
0.0111100000000000 
0.0000000000000000 
0.0109900000000001 
0.0000000000000000 
0.0108700000000000 
0.0000000000000000 
0.0107500000000000 
0.0000000000000000 
0.0106400000000000 
0.0000000000000000 
0.0105300000000000 
0.0000000000000000 
0.0104200000000000 
0.0000000000000000 
0.0103100000000000 
0.0000000000000000 
0.0102000000000000 
0.0000000000000000 
0.0101000000000000 
0.0000000000000000 
0.0100000000000000 
0.0000000000000000 
0.0099000000000000 
0.0000000000000000 
0.0098000000000000 
0.0000000000000000 
0.0097100000000000 
0.0000000000000000 
0.0096200000000000 
0.0000000000000000 
0.0095200000000000 
0.0000000000000000 
0.0094300000000000 
0.0000000000000000 
0.0093500000000000 
0.0000000000000000 
0.0092600000000000 
0.0000000000000000 
0.0091700000000000 
0.0000000000000000 
0.0090900000000000 
0.0000000000000000 
0.0090100000000000 
0.0000000000000000 
0.0089300000000000 
0.0000000000000000 
0.0088500000000000 
0.0000000000000000 
0.0087699999999999 
0.0000000000000000 
0.0087000000000000 
0.0000000000000000 
0.0086200000000000 
0.0000000000000000 
0.0085499999999999 
0.0000000000000000 
0.0084700000000000 
0.0000000000000000 
0.0084000000000000 
0.0000000000000000 
0.0083299999999999 
0.0000000000000000 
0.0082600000000000 
0.0000000000000000 
0.0082000000000000 
0.0000000000000000 
0.0081300000000000 
0.0000000000000000 
0.0080600000000000 
0.0000000000000000 
0.0080000000000000 
0.0000000000000000 
0.0079399999999999 
0.0000000000000000 
0.0078700000000000 
0.0000000000000000 
0.0078100000000000 
0.0000000000000000 
0.0077500000000000 
0.0000000000000000 
0.0076900000000000 
0.0000000000000000 
0.0076300000000000 
0.0000000000000000 
0.0075800000000000 
0.0000000000000000 
0.0075200000000000 
0.0000000000000000 
0.0074600000000000 
0.0000000000000000 
0.0074100000000000 
0.0000000000000000 
0.0073500000000000 
0.0000000000000000 
0.0073000000000000 
0.0000000000000000 
0.0072500000000000 
0.0000000000000000 
0.0071900000000000 
0.0000000000000000 
0.0071400000000000 
0.0000000000000000 
0.0070900000000000 
0.0000000000000000 
0.0070400000000000 
0.0000000000000000 
0.0069900000000001 
0.0000000000000000 
0.0069399999999999 
0.0000000000000000 
0.0069000000000000 
0.0000000000000000 
0.0068500000000000 
0.0000000000000000 
0.0068000000000000 
0.0000000000000000 
0.0067600000000000 
0.0000000000000000 
0.0067100000000000 
0.0000000000000000 
0.0066700000000000 
0.0000000000000000 
0.0066200000000000 
0.0000000000000000 
0.0065800000000000 
0.0000000000000000 
0.0065400000000000 
0.0000000000000000 
0.0064900000000000 
0.0000000000000000 
0.0064500000000000 
0.0000000000000000 
0.0064100000000000 
0.0000000000000000 
0.0063700000000000 
0.0000000000000000 
0.0063299999999999 
0.0000000000000000 
0.0062900000000000 
0.0000000000000000 
0.0062500000000000 
0.0000000000000000 
0.0062100000000000 
0.0000000000000000 
0.0061700000000000 
0.0000000000000000 
0.0061300000000000 
0.0000000000000000 
0.0061000000000000 
0.0000000000000000 
0.0060600000000000 
0.0000000000000000 
0.0060200000000000 
0.0000000000000000 
0.0059900000000001 
0.0000000000000000 
0.0059500000000000 
0.0000000000000000 
0.0059200000000000 
0.0000000000000000 
0.0058800000000000 
0.0000000000000000 
0.0058500000000000 
0.0000000000000000 
0.0058100000000000 
0.0000000000000000 
0.0057800000000000 
0.0000000000000000 
0.0057500000000000 
0.0000000000000000 
0.0057100000000000 
0.0000000000000000 
0.0056800000000000 
0.0000000000000000 
0.0056500000000000 
0.0000000000000000 
0.0056200000000000 
0.0000000000000000 
0.0055900000000000 
0.0000000000000000 
0.0055600000000000 
0.0000000000000000 
0.0055200000000000 
0.0000000000000000 
0.0054900000000000 
0.0000000000000000 
0.0054600000000000 
0.0000000000000000 
0.0054300000000000 
0.0000000000000000 
0.0054100000000000 
0.0000000000000000 
0.0053800000000001 
0.0000000000000000 
0.0053500000000000 
0.0000000000000000 
0.0053200000000000 
0.0000000000000000 
0.0052900000000000 
0.0000000000000000 
0.0052600000000000 
0.0000000000000000 
0.0052400000000000 
0.0000000000000000 
0.0052100000000000 
0.0000000000000000 
0.0051800000000000 
0.0000000000000000 
0.0051500000000000 
0.0000000000000000 
0.0051300000000000 
0.0000000000000000 
0.0051000000000000 
0.0000000000000000 
0.0050800000000000 
0.0000000000000000 
0.0050500000000000 
0.0000000000000000 
0.0050300000000000 
0.0000000000000000 
0.0050000000000000 
0.0000000000000000 
0.0049800000000000 
0.0000000000000000 
0.0049500000000000 
0.0000000000000000 
0.0049300000000000 
0.0000000000000000 
0.0049000000000000 
0.0000000000000000 
0.0048800000000000 
0.0000000000000000 
0.0048500000000000 
0.0000000000000000 
0.0048300000000000 
0.0000000000000000 
0.0048100000000000 
0.0000000000000000 
0.0047800000000000 
0.0000000000000000 
0.0047600000000000 
0.0000000000000000 
0.0047400000000000 
0.0000000000000000 
0.0047199999999999 
0.0000000000000000 
0.0046900000000000 
0.0000000000000000 
0.0046700000000000 
0.0000000000000000 
0.0046500000000000 
0.0000000000000000 
0.0046300000000000 
0.0000000000000000 
0.0046100000000000 
0.0000000000000000 
0.0045900000000000 
0.0000000000000000 
0.0045700000000000 
0.0000000000000000 
0.0045500000000001 
0.0000000000000000 
0.0045200000000000 
0.0000000000000000 
0.0044999999999999 
0.0000000000000000 
0.0044800000000000 
0.0000000000000000 
0.0044600000000000 
0.0000000000000000 
0.0044400000000000 
0.0000000000000000 
0.0044200000000000 
0.0000000000000000 
0.0044100000000000 
0.0000000000000000 
0.0043900000000000 
0.0000000000000000 
0.0043700000000000 
0.0000000000000000 
0.0043500000000000 
0.0000000000000000 
0.0043299999999999 
0.0000000000000000 
0.0043100000000000 
0.0000000000000000 
0.0042900000000000 
0.0000000000000000 
0.0042700000000000 
0.0000000000000000 
0.0042600000000000 
0.0000000000000000 
0.0042400000000000 
0.0000000000000000 
0.0042200000000000 
0.0000000000000000 
0.0042000000000000 
0.0000000000000000 
0.0041800000000000 
0.0000000000000000 
0.0041700000000000 
0.0000000000000000 
0.0041500000000000 
0.0000000000000000 
0.0041300000000000 
0.0000000000000000 
0.0041200000000000 
0.0000000000000000 
0.0041000000000000 
0.0000000000000000 
0.0040800000000000 
0.0000000000000000 
0.0040700000000000 
0.0000000000000000 
0.0040500000000000 
0.0000000000000000 
0.0040300000000000 
0.0000000000000000 
0.0040200000000000 
0.0000000000000000 
0.0040000000000000 
0.0000000000000000 
0.0039800000000000 
0.0000000000000000 
0.0039700000000000 
0.0000000000000000 
0.0039500000000000 
0.0000000000000000 
0.0039400000000001 
0.0000000000000000 
0.0039200000000000 
0.0000000000000000 
0.0039100000000000 
0.0000000000000000 
0.0038899999999999 
0.0000000000000000 
0.0038800000000000 
0.0000000000000000 
0.0038600000000000 
0.0000000000000000 
0.0038500000000000 
0.0000000000000000 
0.0038300000000000 
0.0000000000000000 
0.0038200000000000 
0.0000000000000000 
0.0038000000000000 
0.0000000000000000 
0.0037900000000000 
0.0000000000000000 
0.0037700000000001 
0.0000000000000000 
0.0037600000000000 
0.0000000000000000 
0.0037500000000000 
0.0000000000000000 
0.0037300000000000 
0.0000000000000000 
0.0037199999999999 
0.0000000000000000 
0.0037000000000000 
0.0000000000000000 
0.0036900000000000 
0.0000000000000000 
0.0036800000000000 
0.0000000000000000 
0.0036600000000000 
0.0000000000000000 
0.0036500000000000 
0.0000000000000000 
0.0036400000000000 
0.0000000000000000 
0.0036200000000000 
0.0000000000000000 
0.0036100000000000 
0.0000000000000000 
0.0036000000000000 
0.0000000000000000 
0.0035800000000000 
0.0000000000000000 
0.0035700000000000 
0.0000000000000000 
0.0035600000000000 
0.0000000000000000 
0.0035500000000001 
0.0000000000000000 
0.0035300000000000 
0.0000000000000000 
0.0035200000000000 
0.0000000000000000 
0.0035100000000000 
0.0000000000000000 
0.0034999999999999 
0.0000000000000000 
0.0034800000000000 
0.0000000000000000 
0.0034700000000000 
0.0000000000000000 
0.0034600000000000 
0.0000000000000000 
0.0034500000000000 
0.0000000000000000 
0.0034400000000000 
0.0000000000000000 
0.0034200000000000 
0.0000000000000000 
0.0034100000000000 
0.0000000000000000 
0.0034000000000000 
0.0000000000000000 
0.0033900000000000 
0.0000000000000000 
0.0033800000000000 
0.0000000000000000 
0.0033700000000000 
0.0000000000000000 
0.0033600000000000 
0.0000000000000000 
0.0033400000000000 
0.0000000000000000 
0.0033300000000001 
0.0000000000000000 
0.0033200000000000 
0.0000000000000000 
0.0033100000000000 
0.0000000000000000 
0.0033000000000000 
0.0000000000000000 
0.0032900000000000 
0.0000000000000000 
0.0032799999999999 
0.0000000000000000 
0.0032700000000000 
0.0000000000000000 
0.0032600000000000 
0.0000000000000000 
0.0032500000000000 
0.0000000000000000 
0.0032400000000000 
0.0000000000000000 
0.0032300000000000 
0.0000000000000000 
0.0032200000000000 
0.0000000000000000 
0.0032100000000000 
0.0000000000000000 
0.0031900000000000 
0.0000000000000000 
0.0031800000000000 
0.0000000000000000 
0.0031700000000000 
0.0000000000000000 
0.0031600000000001 
0.0000000000000000 
0.0031500000000000 
0.0000000000000000 
0.0031400000000000 
0.0000000000000000 
0.0031300000000000 
0.0000000000000000 
0.0031300000000000 
0.0000000000000000 
0.0031200000000000 
0.0000000000000000 
0.0031099999999999 
0.0000000000000000 
0.0031000000000000 
0.0000000000000000 
0.0030900000000000 
0.0000000000000000 
0.0030800000000000 
0.0000000000000000 
0.0030700000000000 
0.0000000000000000 
0.0030600000000000 
0.0000000000000000 
0.0030500000000000 
0.0000000000000000 
0.0030400000000000 
0.0000000000000000 
0.0030300000000000 
0.0000000000000000 
0.0030200000000000 
0.0000000000000000 
0.0030100000000000 
0.0000000000000000 
0.0030000000000000 
0.0000000000000000 
0.0029900000000000 
0.0000000000000000 
0.0029900000000000 
0.0000000000000000 
0.0029800000000000 
0.0000000000000000 
0.0029700000000000 
0.0000000000000000 
0.0029600000000000 
0.0000000000000000 
0.0029500000000000 
0.0000000000000000 
0.0029400000000001 
0.0000000000000000 
0.0029300000000000 
0.0000000000000000 
0.0029200000000000 
0.0000000000000000 
0.0029200000000000 
0.0000000000000000 
0.0029100000000000 
0.0000000000000000 
0.0029000000000000 
0.0000000000000000 
0.0028899999999999 
0.0000000000000000 
0.0028800000000000 
0.0000000000000000 
0.0028700000000000 
0.0000000000000000 
0.0028700000000000 
0.0000000000000000 
0.0028600000000000 
0.0000000000000000 
0.0028500000000000 
0.0000000000000000 
0.0028400000000000 
0.0000000000000000 
0.0028300000000000 
0.0000000000000000 
0.0028200000000000 
0.0000000000000000 
0.0028200000000000 
0.0000000000000000 
0.0028100000000000 
0.0000000000000000 
0.0028000000000000 
0.0000000000000000 
0.0027900000000000 
0.0000000000000000 
0.0027900000000000 
0.0000000000000000 
0.0027800000000000 
0.0000000000000000 
0.0027700000000001 
0.0000000000000000 
0.0027600000000000 
0.0000000000000000 
0.0027500000000000 
0.0000000000000000 
0.0027500000000000 
0.0000000000000000 
0.0027400000000000 
0.0000000000000000 
0.0027300000000000 
0.0000000000000000 
0.0027199999999999 
0.0000000000000000 
0.0027199999999999 
0.0000000000000000 
0.0027100000000000 
0.0000000000000000 
0.0027000000000000 
0.0000000000000000 
0.0027000000000000 
0.0000000000000000 
0.0026900000000000 
0.0000000000000000 
0.0026800000000000 
0.0000000000000000 
0.0026700000000000 
0.0000000000000000 
0.0026700000000000 
0.0000000000000000 
0.0026600000000000 
0.0000000000000000 
0.0026500000000000 
0.0000000000000000 
0.0026500000000000 
0.0000000000000000 
0.0026400000000000 
0.0000000000000000 
0.0026300000000000 
0.0000000000000000 
0.0026200000000000 
0.0000000000000000 
0.0026200000000000 
0.0000000000000000 
0.0026100000000000 
0.0000000000000000 
0.0026000000000000 
0.0000000000000000 
0.0026000000000000 
0.0000000000000000 
0.0025900000000000 
0.0000000000000000 
0.0025800000000000 
0.0000000000000000 
0.0025800000000000 
0.0000000000000000 
0.0025700000000000 
0.0000000000000000 
0.0025600000000000 
0.0000000000000000 
0.0025600000000000 
0.0000000000000000 
0.0025500000000001 
0.0000000000000000 
0.0025400000000000 
0.0000000000000000 
0.0025400000000000 
0.0000000000000000 
0.0025300000000000 
0.0000000000000000 
0.0025300000000000 
0.0000000000000000 
0.0025200000000000 
0.0000000000000000 
0.0025100000000000 
0.0000000000000000 
0.0025100000000000 
0.0000000000000000 
0.0024999999999999 
0.0000000000000000 
0.0024900000000000 
0.0000000000000000 
0.0024900000000000 
0.0000000000000000 
0.0024800000000000 
0.0000000000000000 
0.0024800000000000 
0.0000000000000000 
0.0024700000000000 
0.0000000000000000 
0.0024600000000000 
0.0000000000000000 
0.0024600000000000 
0.0000000000000000 
0.0024500000000000 
0.0000000000000000 
0.0024400000000000 
0.0000000000000000 
0.0024400000000000 
0.0000000000000000 
0.0024300000000000 
0.0000000000000000 
0.0024300000000000 
0.0000000000000000 
0.0024200000000000 
0.0000000000000000 
0.0024200000000000 
0.0000000000000000 
0.0024100000000000 
0.0000000000000000 
0.0024000000000000 
0.0000000000000000 
0.0024000000000000 
0.0000000000000000 
0.0023900000000000 
0.0000000000000000 
0.0023900000000000 
0.0000000000000000 
0.0023800000000000 
0.0000000000000000 
0.0023800000000000 
0.0000000000000000 
0.0023700000000000 
0.0000000000000000 
0.0023600000000000 
0.0000000000000000 
0.0023600000000000 
0.0000000000000000 
0.0023500000000000 
0.0000000000000000 
0.0023500000000000 
0.0000000000000000 
0.0023400000000000 
0.0000000000000000 
0.0023400000000000 
0.0000000000000000 
0.0023300000000001 
0.0000000000000000 
0.0023300000000001 
0.0000000000000000 
0.0023200000000000 
0.0000000000000000 
0.0023100000000000 
0.0000000000000000 
0.0023100000000000 
0.0000000000000000 
0.0023000000000000 
0.0000000000000000 
0.0023000000000000 
0.0000000000000000 
0.0022900000000000 
0.0000000000000000 
0.0022900000000000 
0.0000000000000000 
0.0022799999999999 
0.0000000000000000 
0.0022799999999999 
0.0000000000000000 
0.0022700000000000 
0.0000000000000000 
0.0022700000000000 
0.0000000000000000 
0.0022600000000000 
0.0000000000000000 
0.0022600000000000 
0.0000000000000000 
0.0022500000000000 
0.0000000000000000 
0.0022500000000000 
0.0000000000000000 
0.0022400000000000 
0.0000000000000000 
0.0022400000000000 
0.0000000000000000 
0.0022300000000000 
0.0000000000000000 
0.0022300000000000 
0.0000000000000000 
0.0022200000000000 
0.0000000000000000 
0.0022200000000000 
0.0000000000000000 
0.0022100000000000 
0.0000000000000000 
0.0022100000000000 
0.0000000000000000 
0.0022000000000000 
0.0000000000000000 
0.0022000000000000 
0.0000000000000000 
0.0021900000000000 
0.0000000000000000 
0.0021900000000000 
0.0000000000000000 
0.0021800000000000 
0.0000000000000000 
0.0021800000000000 
0.0000000000000000 
0.0021700000000000 
0.0000000000000000 
0.0021700000000000 
0.0000000000000000 
0.0021600000000001 
0.0000000000000000 
0.0021600000000001 
0.0000000000000000 
0.0021600000000001 
0.0000000000000000 
0.0021500000000000 
0.0000000000000000 
0.0021500000000000 
0.0000000000000000 
0.0021400000000000 
0.0000000000000000 
0.0021400000000000 
0.0000000000000000 
0.0021300000000000 
0.0000000000000000 
0.0021300000000000 
0.0000000000000000 
0.0021200000000000 
0.0000000000000000 
0.0021200000000000 
0.0000000000000000 
0.0021099999999999 
0.0000000000000000 
0.0021099999999999 
0.0000000000000000 
0.0021099999999999 
0.0000000000000000 
0.0021000000000000 
0.0000000000000000 
0.0021000000000000 
0.0000000000000000 
0.0020900000000000 
0.0000000000000000 
0.0020900000000000 
0.0000000000000000 
0.0020800000000000 
0.0000000000000000 
0.0020800000000000 
0.0000000000000000 
0.0020700000000000 
0.0000000000000000 
0.0020700000000000 
0.0000000000000000 
0.0020700000000000 
0.0000000000000000 
0.0020600000000000 
0.0000000000000000 
0.0020600000000000 
0.0000000000000000 
0.0020500000000000 
0.0000000000000000 
0.0020500000000000 
0.0000000000000000 
0.0020400000000000 
0.0000000000000000 
0.0020400000000000 
0.0000000000000000 
0.0020400000000000 
0.0000000000000000 
0.0020300000000000 
0.0000000000000000 
0.0020300000000000 
0.0000000000000000 
0.0020200000000000 
0.0000000000000000 
0.0020200000000000 
0.0000000000000000 
0.0020200000000000 
0.0000000000000000 
0.0020100000000000 
0.0000000000000000 
0.0020100000000000 
0.0000000000000000 
0.0020000000000000 
0.0000000000000000 
0.0020000000000000 
0.0000000000000000 
0.0020000000000000 
0.0000000000000000 
0.0019900000000000 
0.0000000000000000 
0.0019900000000000 
0.0000000000000000 
0.0019800000000000 
0.0000000000000000 
0.0019800000000000 
0.0000000000000000 
0.0019800000000000 
0.0000000000000000 
0.0019700000000000 
0.0000000000000000 
0.0019700000000000 
0.0000000000000000 
0.0019600000000000 
0.0000000000000000 
0.0019600000000000 
0.0000000000000000 
0.0019600000000000 
0.0000000000000000 
0.0019500000000000 
0.0000000000000000 
0.0019500000000000 
0.0000000000000000 
0.0019500000000000 
0.0000000000000000 
0.0019400000000001 
0.0000000000000000 
0.0019400000000001 
0.0000000000000000 
0.0019300000000000 
0.0000000000000000 
0.0019300000000000 
0.0000000000000000 
0.0019300000000000 
0.0000000000000000 
0.0019200000000000 
0.0000000000000000 
0.0019200000000000 
0.0000000000000000 
0.0019200000000000 
0.0000000000000000 
0.0019100000000000 
0.0000000000000000 
0.0019100000000000 
0.0000000000000000 
0.0019000000000000 
0.0000000000000000 
0.0019000000000000 
0.0000000000000000 
0.0019000000000000 
0.0000000000000000 
0.0018899999999999 
0.0000000000000000 
0.0018899999999999 
0.0000000000000000 
0.0018899999999999 
0.0000000000000000 
0.0018800000000000 
0.0000000000000000 
0.0018800000000000 
0.0000000000000000 
0.0018800000000000 
0.0000000000000000 
0.0018700000000000 
0.0000000000000000 
0.0018700000000000 
0.0000000000000000 
0.0018700000000000 
0.0000000000000000 
0.0018600000000000 
0.0000000000000000 
0.0018600000000000 
0.0000000000000000 
0.0018600000000000 
0.0000000000000000 
0.0018500000000000 
0.0000000000000000 
0.0018500000000000 
0.0000000000000000 
0.0018500000000000 
0.0000000000000000 
0.0018400000000000 
0.0000000000000000 
0.0018400000000000 
0.0000000000000000 
0.0018300000000000 
0.0000000000000000 
0.0018300000000000 
0.0000000000000000 
0.0018300000000000 
0.0000000000000000 
0.0018200000000000 
0.0000000000000000 
0.0018200000000000 
0.0000000000000000 
0.0018200000000000 
0.0000000000000000 
0.0018100000000000 
0.0000000000000000 
0.0018100000000000 
0.0000000000000000 
0.0018100000000000 
0.0000000000000000 
0.0018100000000000 
0.0000000000000000 
0.0018000000000000 
0.0000000000000000 
0.0018000000000000 
0.0000000000000000 
0.0018000000000000 
0.0000000000000000 
0.0017900000000000 
0.0000000000000000 
0.0017900000000000 
0.0000000000000000 
0.0017900000000000 
0.0000000000000000 
0.0017800000000000 
0.0000000000000000 
0.0017800000000000 
0.0000000000000000 
0.0017800000000000 
0.0000000000000000 
0.0017700000000000 
0.0000000000000000 
0.0017700000000000 
0.0000000000000000 
0.0017700000000000 
0.0000000000000000 
0.0017600000000000 
0.0000000000000000 
0.0017600000000000 
0.0000000000000000 
0.0017600000000000 
0.0000000000000000 
0.0017500000000000 
0.0000000000000000 
0.0017500000000000 
0.0000000000000000 
0.0017500000000000 
0.0000000000000000 
0.0017500000000000 
0.0000000000000000 
0.0017400000000000 
0.0000000000000000 
0.0017400000000000 
0.0000000000000000 
0.0017400000000000 
0.0000000000000000 
0.0017300000000000 
0.0000000000000000 
0.0017300000000000 
0.0000000000000000 
0.0017300000000000 
0.0000000000000000 
0.0017200000000001 
0.0000000000000000 
0.0017200000000001 
0.0000000000000000 
0.0017200000000001 
0.0000000000000000 
0.0017200000000001 
0.0000000000000000 
0.0017100000000000 
0.0000000000000000 
0.0017100000000000 
0.0000000000000000 
0.0017100000000000 
0.0000000000000000 
0.0017000000000000 
0.0000000000000000 
0.0017000000000000 
0.0000000000000000 
0.0017000000000000 
0.0000000000000000 
0.0016900000000000 
0.0000000000000000 
0.0016900000000000 
0.0000000000000000 
0.0016900000000000 
0.0000000000000000 
0.0016900000000000 
0.0000000000000000 
0.0016800000000000 
0.0000000000000000 
0.0016800000000000 
0.0000000000000000 
0.0016800000000000 
0.0000000000000000 
0.0016800000000000 
0.0000000000000000 
0.0016699999999999 
0.0000000000000000 
0.0016699999999999 
0.0000000000000000 
0.0016699999999999 
0.0000000000000000 
0.0016600000000000 
0.0000000000000000 
0.0016600000000000 
0.0000000000000000 
0.0016600000000000 
0.0000000000000000 
0.0016600000000000 
0.0000000000000000 
0.0016500000000000 
0.0000000000000000 
0.0016500000000000 
0.0000000000000000 
0.0016500000000000 
0.0000000000000000 
0.0016400000000000 
0.0000000000000000 
0.0016400000000000 
0.0000000000000000 
0.0016400000000000 
0.0000000000000000 
0.0016400000000000 
0.0000000000000000 
0.0016300000000000 
0.0000000000000000 
0.0016300000000000 
0.0000000000000000 
0.0016300000000000 
0.0000000000000000 
0.0016300000000000 
0.0000000000000000 
0.0016200000000000 
0.0000000000000000 
0.0016200000000000 
0.0000000000000000 
0.0016200000000000 
0.0000000000000000 
0.0016200000000000 
0.0000000000000000 
0.0016100000000000 
0.0000000000000000 
0.0016100000000000 
0.0000000000000000 
0.0016100000000000 
0.0000000000000000 
0.0016100000000000 
0.0000000000000000 
0.0016000000000000 
0.0000000000000000 
0.0016000000000000 
0.0000000000000000 
0.0016000000000000 
0.0000000000000000 
0.0015900000000000 
0.0000000000000000 
0.0015900000000000 
0.0000000000000000 
0.0015900000000000 
0.0000000000000000 
0.0015900000000000 
0.0000000000000000 
0.0015800000000000 
0.0000000000000000 
0.0015800000000000 
0.0000000000000000 
0.0015800000000000 
0.0000000000000000 
0.0015800000000000 
0.0000000000000000 
0.0015700000000000 
0.0000000000000000 
0.0015700000000000 
0.0000000000000000 
0.0015700000000000 
0.0000000000000000 
0.0015700000000000 
0.0000000000000000 
0.0015600000000000 
0.0000000000000000 
0.0015600000000000 
0.0000000000000000 
0.0015600000000000 
0.0000000000000000 
0.0015600000000000 
0.0000000000000000 
0.0015600000000000 
0.0000000000000000 
0.0015500000000001 
0.0000000000000000 
0.0015500000000001 
0.0000000000000000 
0.0015500000000001 
0.0000000000000000 
0.0015500000000001 
0.0000000000000000 
0.0015400000000000 
0.0000000000000000 
0.0015400000000000 
0.0000000000000000 
0.0015400000000000 
0.0000000000000000 
0.0015400000000000 
0.0000000000000000 
0.0015300000000000 
0.0000000000000000 
0.0015300000000000 
0.0000000000000000 
0.0015300000000000 
0.0000000000000000 
0.0015300000000000 
0.0000000000000000 
0.0015200000000000 
0.0000000000000000 
0.0015200000000000 
0.0000000000000000 
0.0015200000000000 
0.0000000000000000 
0.0015200000000000 
0.0000000000000000 
0.0015200000000000 
0.0000000000000000 
0.0015100000000000 
0.0000000000000000 
0.0015100000000000 
0.0000000000000000 
0.0015100000000000 
0.0000000000000000 
0.0015100000000000 
0.0000000000000000 
0.0014999999999999 
0.0000000000000000 
0.0014999999999999 
0.0000000000000000 
0.0014999999999999 
0.0000000000000000 
0.0014999999999999 
0.0000000000000000 
0.0014900000000000 
0.0000000000000000 
0.0014900000000000 
0.0000000000000000 
0.0014900000000000 
0.0000000000000000 
0.0014900000000000 
0.0000000000000000 
0.0014900000000000 
0.0000000000000000 
0.0014800000000000 
0.0000000000000000 
0.0014800000000000 
0.0000000000000000 
0.0014800000000000 
0.0000000000000000 
0.0014800000000000 
0.0000000000000000 
0.0014700000000000 
0.0000000000000000 
0.0014700000000000 
0.0000000000000000 
0.0014700000000000 
0.0000000000000000 
0.0014700000000000 
0.0000000000000000 
0.0014700000000000 
0.0000000000000000 
0.0014600000000000 
0.0000000000000000 
0.0014600000000000 
0.0000000000000000 
0.0014600000000000 
0.0000000000000000 
0.0014600000000000 
0.0000000000000000 
0.0014600000000000 
0.0000000000000000 
0.0014500000000000 
0.0000000000000000 
0.0014500000000000 
0.0000000000000000 
0.0014500000000000 
0.0000000000000000 
0.0014500000000000 
0.0000000000000000 
0.0014500000000000 
0.0000000000000000 
0.0014400000000000 
0.0000000000000000 
0.0014400000000000 
0.0000000000000000 
0.0014400000000000 
0.0000000000000000 
0.0014400000000000 
0.0000000000000000 
0.0014300000000000 
0.0000000000000000 
0.0014300000000000 
0.0000000000000000 
0.0014300000000000 
0.0000000000000000 
0.0014300000000000 
0.0000000000000000 
0.0014300000000000 
0.0000000000000000 
0.0014200000000000 
0.0000000000000000 
0.0014200000000000 
0.0000000000000000 
0.0014200000000000 
0.0000000000000000 
0.0014200000000000 
0.0000000000000000 
0.0014200000000000 
0.0000000000000000 
0.0014100000000000 
0.0000000000000000 
0.0014100000000000 
0.0000000000000000 
0.0014100000000000 
0.0000000000000000 
0.0014100000000000 
0.0000000000000000 
0.0014100000000000 
0.0000000000000000 
0.0014000000000000 
0.0000000000000000 
0.0014000000000000 
0.0000000000000000 
0.0014000000000000 
0.0000000000000000 
0.0014000000000000 
0.0000000000000000 
0.0014000000000000 
0.0000000000000000 
0.0013900000000000 
0.0000000000000000 
0.0013900000000000 
0.0000000000000000 
0.0013900000000000 
0.0000000000000000 
0.0013900000000000 
0.0000000000000000 
0.0013900000000000 
0.0000000000000000 
0.0013900000000000 
0.0000000000000000 
0.0013800000000000 
0.0000000000000000 
0.0013800000000000 
0.0000000000000000 
0.0013800000000000 
0.0000000000000000 
0.0013800000000000 
0.0000000000000000 
0.0013800000000000 
0.0000000000000000 
0.0013700000000000 
0.0000000000000000 
0.0013700000000000 
0.0000000000000000 
0.0013700000000000 
0.0000000000000000 
0.0013700000000000 
0.0000000000000000 
0.0013700000000000 
0.0000000000000000 
0.0013600000000000 
0.0000000000000000 
0.0013600000000000 
0.0000000000000000 
0.0013600000000000 
0.0000000000000000 
0.0013600000000000 
0.0000000000000000 
0.0013600000000000 
0.0000000000000000 
0.0013600000000000 
0.0000000000000000 
0.0013500000000000 
0.0000000000000000 
0.0013500000000000 
0.0000000000000000 
0.0013500000000000 
0.0000000000000000 
0.0013500000000000 
0.0000000000000000 
0.0013500000000000 
0.0000000000000000 
0.0013400000000000 
0.0000000000000000 
0.0013400000000000 
0.0000000000000000 
0.0013400000000000 
0.0000000000000000 
0.0013400000000000 
0.0000000000000000 
0.0013400000000000 
0.0000000000000000 
0.0013400000000000 
0.0000000000000000 
0.0013300000000001 
0.0000000000000000 
0.0013300000000001 
0.0000000000000000 
0.0013300000000001 
0.0000000000000000 
0.0013300000000001 
0.0000000000000000 
0.0013300000000001 
0.0000000000000000 
0.0013200000000000 
0.0000000000000000 
0.0013200000000000 
0.0000000000000000 
0.0013200000000000 
0.0000000000000000 
0.0013200000000000 
0.0000000000000000 
0.0013200000000000 
0.0000000000000000 
0.0013200000000000 
0.0000000000000000 
0.0013100000000000 
0.0000000000000000 
0.0013100000000000 
0.0000000000000000 
0.0013100000000000 
0.0000000000000000 
0.0013100000000000 
0.0000000000000000 
0.0013100000000000 
0.0000000000000000 
0.0013100000000000 
0.0000000000000000 
0.0013000000000000 
0.0000000000000000 
0.0013000000000000 
0.0000000000000000 
0.0013000000000000 
0.0000000000000000 
0.0013000000000000 
0.0000000000000000 
0.0013000000000000 
0.0000000000000000 
0.0013000000000000 
0.0000000000000000 
0.0012900000000000 
0.0000000000000000 
0.0012900000000000 
0.0000000000000000 
0.0012900000000000 
0.0000000000000000 
0.0012900000000000 
0.0000000000000000 
0.0012900000000000 
0.0000000000000000 
0.0012900000000000 
0.0000000000000000 
0.0012799999999999 
0.0000000000000000 
0.0012799999999999 
0.0000000000000000 
0.0012799999999999 
0.0000000000000000 
0.0012799999999999 
0.0000000000000000 
0.0012799999999999 
0.0000000000000000 
0.0012799999999999 
0.0000000000000000 
0.0012700000000000 
0.0000000000000000 
0.0012700000000000 
0.0000000000000000 
0.0012700000000000 
0.0000000000000000 
0.0012700000000000 
0.0000000000000000 
0.0012700000000000 
0.0000000000000000 
0.0012700000000000 
0.0000000000000000 
0.0012600000000000 
0.0000000000000000 
0.0012600000000000 
0.0000000000000000 
0.0012600000000000 
0.0000000000000000 
0.0012600000000000 
0.0000000000000000 
0.0012600000000000 
0.0000000000000000 
0.0012600000000000 
0.0000000000000000 
0.0012500000000000 
0.0000000000000000 
0.0012500000000000 
0.0000000000000000 
0.0012500000000000 
0.0000000000000000 
0.0012500000000000 
0.0000000000000000 
0.0012500000000000 
0.0000000000000000 
0.0012500000000000 
0.0000000000000000 
0.0012500000000000 
0.0000000000000000 
0.0012400000000000 
0.0000000000000000 
0.0012400000000000 
0.0000000000000000 
0.0012400000000000 
0.0000000000000000 
0.0012400000000000 
0.0000000000000000 
0.0012400000000000 
0.0000000000000000 
0.0012400000000000 
0.0000000000000000 
0.0012300000000000 
0.0000000000000000 
0.0012300000000000 
0.0000000000000000 
0.0012300000000000 
0.0000000000000000 
0.0012300000000000 
0.0000000000000000 
0.0012300000000000 
0.0000000000000000 
0.0012300000000000 
0.0000000000000000 
0.0012300000000000 
0.0000000000000000 
0.0012200000000000 
0.0000000000000000 
0.0012200000000000 
0.0000000000000000 
0.0012200000000000 
0.0000000000000000 
0.0012200000000000 
0.0000000000000000 
0.0012200000000000 
0.0000000000000000 
0.0012200000000000 
0.0000000000000000 
0.0012200000000000 
0.0000000000000000 
0.0012100000000000 
0.0000000000000000 
0.0012100000000000 
0.0000000000000000 
0.0012100000000000 
0.0000000000000000 
0.0012100000000000 
0.0000000000000000 
0.0012100000000000 
0.0000000000000000 
0.0012100000000000 
0.0000000000000000 
0.0012000000000000 
0.0000000000000000 
0.0012000000000000 
0.0000000000000000 
0.0012000000000000 
0.0000000000000000 
0.0012000000000000 
0.0000000000000000 
0.0012000000000000 
0.0000000000000000 
0.0012000000000000 
0.0000000000000000 
0.0012000000000000 
0.0000000000000000 
0.0011900000000000 
0.0000000000000000 
0.0011900000000000 
0.0000000000000000 
0.0011900000000000 
0.0000000000000000 
0.0011900000000000 
0.0000000000000000 
0.0011900000000000 
0.0000000000000000 
0.0011900000000000 
0.0000000000000000 
0.0011900000000000 
0.0000000000000000 
0.0011800000000000 
0.0000000000000000 
0.0011800000000000 
0.0000000000000000 
0.0011800000000000 
0.0000000000000000 
0.0011800000000000 
0.0000000000000000 
0.0011800000000000 
0.0000000000000000 
0.0011800000000000 
0.0000000000000000 
0.0011800000000000 
0.0000000000000000 
0.0011800000000000 
0.0000000000000000 
0.0011700000000000 
0.0000000000000000 
0.0011700000000000 
0.0000000000000000 
0.0011700000000000 
0.0000000000000000 
0.0011700000000000 
0.0000000000000000 
0.0011700000000000 
0.0000000000000000 
0.0011700000000000 
0.0000000000000000 
0.0011700000000000 
0.0000000000000000 
0.0011600000000000 
0.0000000000000000 
0.0011600000000000 
0.0000000000000000 
0.0011600000000000 
0.0000000000000000 
0.0011600000000000 
0.0000000000000000 
0.0011600000000000 
0.0000000000000000 
0.0011600000000000 
0.0000000000000000 
0.0011600000000000 
0.0000000000000000 
0.0011500000000000 
0.0000000000000000 
0.0011500000000000 
0.0000000000000000 
0.0011500000000000 
0.0000000000000000 
0.0011500000000000 
0.0000000000000000 
0.0011500000000000 
0.0000000000000000 
0.0011500000000000 
0.0000000000000000 
0.0011500000000000 
0.0000000000000000 
0.0011500000000000 
0.0000000000000000 
0.0011400000000000 
0.0000000000000000 
0.0011400000000000 
0.0000000000000000 
0.0011400000000000 
0.0000000000000000 
0.0011400000000000 
0.0000000000000000 
0.0011400000000000 
0.0000000000000000 
0.0011400000000000 
0.0000000000000000 
0.0011400000000000 
0.0000000000000000 
0.0011400000000000 
0.0000000000000000 
0.0011300000000000 
0.0000000000000000 
0.0011300000000000 
0.0000000000000000 
0.0011300000000000 
0.0000000000000000 
0.0011300000000000 
0.0000000000000000 
0.0011300000000000 
0.0000000000000000 
0.0011300000000000 
0.0000000000000000 
0.0011300000000000 
0.0000000000000000 
0.0011200000000000 
0.0000000000000000 
0.0011200000000000 
0.0000000000000000 
0.0011200000000000 
0.0000000000000000 
0.0011200000000000 
0.0000000000000000 
0.0011200000000000 
0.0000000000000000 
0.0011200000000000 
0.0000000000000000 
0.0011200000000000 
0.0000000000000000 
0.0011200000000000 
0.0000000000000000 
0.0011100000000001 
0.0000000000000000 
0.0011100000000001 
0.0000000000000000 
0.0011100000000001 
0.0000000000000000 
0.0011100000000001 
0.0000000000000000 
0.0011100000000001 
0.0000000000000000 
0.0011100000000001 
0.0000000000000000 
0.0011100000000001 
0.0000000000000000 
0.0011100000000001 
0.0000000000000000 
0.0011000000000000 
0.0000000000000000 
0.0011000000000000 
0.0000000000000000 
0.0011000000000000 
0.0000000000000000 
0.0011000000000000 
0.0000000000000000 
0.0011000000000000 
0.0000000000000000 
0.0011000000000000 
0.0000000000000000 
0.0011000000000000 
0.0000000000000000 
0.0011000000000000 
0.0000000000000000 
0.0011000000000000 
0.0000000000000000 
0.0010900000000000 
0.0000000000000000 
0.0010900000000000 
0.0000000000000000 
0.0010900000000000 
0.0000000000000000 
0.0010900000000000 
0.0000000000000000 
0.0010900000000000 
0.0000000000000000 
0.0010900000000000 
0.0000000000000000 
0.0010900000000000 
0.0000000000000000 
0.0010900000000000 
0.0000000000000000 
0.0010800000000000 
0.0000000000000000 
0.0010800000000000 
0.0000000000000000 
0.0010800000000000 
0.0000000000000000 
0.0010800000000000 
0.0000000000000000 
0.0010800000000000 
0.0000000000000000 
0.0010800000000000 
0.0000000000000000 
0.0010800000000000 
0.0000000000000000 
0.0010800000000000 
0.0000000000000000 
0.0010800000000000 
0.0000000000000000 
0.0010700000000000 
0.0000000000000000 
0.0010700000000000 
0.0000000000000000 
0.0010700000000000 
0.0000000000000000 
0.0010700000000000 
0.0000000000000000 
0.0010700000000000 
0.0000000000000000 
0.0010700000000000 
0.0000000000000000 
0.0010700000000000 
0.0000000000000000 
0.0010700000000000 
0.0000000000000000 
0.0010599999999999 
0.0000000000000000 
0.0010599999999999 
0.0000000000000000 
0.0010599999999999 
0.0000000000000000 
0.0010599999999999 
0.0000000000000000 
0.0010599999999999 
0.0000000000000000 
0.0010599999999999 
0.0000000000000000 
0.0010599999999999 
0.0000000000000000 
0.0010599999999999 
0.0000000000000000 
0.0010599999999999 
0.0000000000000000 
0.0010500000000000 
0.0000000000000000 
0.0010500000000000 
0.0000000000000000 
0.0010500000000000 
0.0000000000000000 
0.0010500000000000 
0.0000000000000000 
0.0010500000000000 
0.0000000000000000 
0.0010500000000000 
0.0000000000000000 
0.0010500000000000 
0.0000000000000000 
0.0010500000000000 
0.0000000000000000 
0.0010500000000000 
0.0000000000000000 
0.0010400000000000 
0.0000000000000000 
0.0010400000000000 
0.0000000000000000 
0.0010400000000000 
0.0000000000000000 
0.0010400000000000 
0.0000000000000000 
0.0010400000000000 
0.0000000000000000 
0.0010400000000000 
0.0000000000000000 
0.0010400000000000 
0.0000000000000000 
0.0010400000000000 
0.0000000000000000 
0.0010400000000000 
0.0000000000000000 
0.0010400000000000 
0.0000000000000000 
0.0010300000000000 
0.0000000000000000 
0.0010300000000000 
0.0000000000000000 
0.0010300000000000 
0.0000000000000000 
0.0010300000000000 
0.0000000000000000 
0.0010300000000000 
0.0000000000000000 
0.0010300000000000 
0.0000000000000000 
0.0010300000000000 
0.0000000000000000 
0.0010300000000000 
0.0000000000000000 
0.0010300000000000 
0.0000000000000000 
0.0010200000000000 
0.0000000000000000 
0.0010200000000000 
0.0000000000000000 
0.0010200000000000 
0.0000000000000000 
0.0010200000000000 
0.0000000000000000 
0.0010200000000000 
0.0000000000000000 
0.0010200000000000 
0.0000000000000000 
0.0010200000000000 
0.0000000000000000 
0.0010200000000000 
0.0000000000000000 
0.0010200000000000 
0.0000000000000000 
0.0010200000000000 
0.0000000000000000 
0.0010100000000000 
0.0000000000000000 
0.0010100000000000 
0.0000000000000000 
0.0010100000000000 
0.0000000000000000 
0.0010100000000000 
0.0000000000000000 
0.0010100000000000 
0.0000000000000000 
0.0010100000000000 
0.0000000000000000 
0.0010100000000000 
0.0000000000000000 
0.0010100000000000 
0.0000000000000000 
0.0010100000000000 
0.0000000000000000 
0.0010100000000000 
0.0000000000000000 
0.0010000000000000 
0.0000000000000000 
0.0010000000000000 
0.0000000000000000 
0.0010000000000000 
0.0000000000000000 
0.0010000000000000 
0.0000000000000000 
0.0010000000000000 
0.0000000000000000 
0.0010000000000000 
0.0000000000000000 
0.0010000000000000 
0.0000000000000000 
0.0010000000000000 
0.0000000000000000 
0.0010000000000000 
0.0000000000000000 
0.0010000000000000 
0.0000000000000000 
0.0009900000000000 
0.0000000000000000 
0.0009900000000000 
0.0000000000000000 
0.0009900000000000 
0.0000000000000000 
0.0009900000000000 
0.0000000000000000 
0.0009900000000000 
0.0000000000000000 
0.0009900000000000 
0.0000000000000000 
0.0009900000000000 
0.0000000000000000 
0.0009900000000000 
0.0000000000000000 
0.0009900000000000 
0.0000000000000000 
0.0009900000000000 
0.0000000000000000 
0.0009800000000000 
0.0000000000000000 
0.0009800000000000 
0.0000000000000000 
0.0009800000000000 
0.0000000000000000 
0.0009800000000000 
0.0000000000000000 
0.0009800000000000 
0.0000000000000000 
0.0009800000000000 
0.0000000000000000 
0.0009800000000000 
0.0000000000000000 
0.0009800000000000 
0.0000000000000000 
0.0009800000000000 
0.0000000000000000 
0.0009800000000000 
0.0000000000000000 
0.0009700000000000 
0.0000000000000000 
0.0009700000000000 
0.0000000000000000 
0.0009700000000000 
0.0000000000000000 
0.0009700000000000 
0.0000000000000000 
0.0009700000000000 
0.0000000000000000 
0.0009700000000000 
0.0000000000000000 
0.0009700000000000 
0.0000000000000000 
0.0009700000000000 
0.0000000000000000 
0.0009700000000000 
0.0000000000000000 
0.0009700000000000 
0.0000000000000000 
0.0009700000000000 
0.0000000000000000 
0.0009600000000000 
0.0000000000000000 
0.0009600000000000 
0.0000000000000000 
0.0009600000000000 
0.0000000000000000 
0.0009600000000000 
0.0000000000000000 
0.0009600000000000 
0.0000000000000000 
0.0009600000000000 
0.0000000000000000 
0.0009600000000000 
0.0000000000000000 
0.0009600000000000 
0.0000000000000000 
0.0009600000000000 
0.0000000000000000 
0.0009600000000000 
0.0000000000000000 
0.0009600000000000 
0.0000000000000000 
0.0009500000000000 
0.0000000000000000 
0.0009500000000000 
0.0000000000000000 
0.0009500000000000 
0.0000000000000000 
0.0009500000000000 
0.0000000000000000 
0.0009500000000000 
0.0000000000000000 
0.0009500000000000 
0.0000000000000000 
0.0009500000000000 
0.0000000000000000 
0.0009500000000000 
0.0000000000000000 
0.0009500000000000 
0.0000000000000000 
0.0009500000000000 
0.0000000000000000 
0.0009500000000000 
0.0000000000000000 
0.0009400000000001 
0.0000000000000000 
0.0009400000000001 
0.0000000000000000 
0.0009400000000001 
0.0000000000000000 
0.0009400000000001 
0.0000000000000000 
0.0009400000000001 
0.0000000000000000 
0.0009400000000001 
0.0000000000000000 
0.0009400000000001 
0.0000000000000000 
0.0009400000000001 
0.0000000000000000 
0.0009400000000001 
0.0000000000000000 
0.0009400000000001 
0.0000000000000000 
0.0009400000000001 
0.0000000000000000 
0.0009300000000000 
0.0000000000000000 
0.0009300000000000 
0.0000000000000000 
0.0009300000000000 
0.0000000000000000 
0.0009300000000000 
0.0000000000000000 
0.0009300000000000 
0.0000000000000000 
0.0009300000000000 
0.0000000000000000 
0.0009300000000000 
0.0000000000000000 
0.0009300000000000 
0.0000000000000000 
0.0009300000000000 
0.0000000000000000 
0.0009300000000000 
0.0000000000000000 
0.0009300000000000 
0.0000000000000000 
0.0009300000000000 
0.0000000000000000 
0.0009200000000000 
0.0000000000000000 
0.0009200000000000 
0.0000000000000000 
0.0009200000000000 
0.0000000000000000 
0.0009200000000000 
0.0000000000000000 
0.0009200000000000 
0.0000000000000000 
0.0009200000000000 
0.0000000000000000 
0.0009200000000000 
0.0000000000000000 
0.0009200000000000 
0.0000000000000000 
0.0009200000000000 
0.0000000000000000 
0.0009200000000000 
0.0000000000000000 
0.0009200000000000 
0.0000000000000000 
0.0009100000000000 
0.0000000000000000 
0.0009100000000000 
0.0000000000000000 
0.0009100000000000 
0.0000000000000000 
0.0009100000000000 
0.0000000000000000 
0.0009100000000000 
0.0000000000000000 
0.0009100000000000 
0.0000000000000000 
0.0009100000000000 
0.0000000000000000 
0.0009100000000000 
0.0000000000000000 
0.0009100000000000 
0.0000000000000000 
0.0009100000000000 
0.0000000000000000 
0.0009100000000000 
0.0000000000000000 
0.0009100000000000 
0.0000000000000000 
0.0009000000000000 
0.0000000000000000 
0.0009000000000000 
0.0000000000000000 
0.0009000000000000 
0.0000000000000000 
0.0009000000000000 
0.0000000000000000 
0.0009000000000000 
0.0000000000000000 
0.0009000000000000 
0.0000000000000000 
0.0009000000000000 
0.0000000000000000 
0.0009000000000000 
0.0000000000000000 
0.0009000000000000 
0.0000000000000000 
0.0009000000000000 
0.0000000000000000 
0.0009000000000000 
0.0000000000000000 
0.0009000000000000 
0.0000000000000000 
0.0009000000000000 
0.0000000000000000 
0.0008899999999999 
0.0000000000000000 
0.0008899999999999 
0.0000000000000000 
0.0008899999999999 
0.0000000000000000 
0.0008899999999999 
0.0000000000000000 
0.0008899999999999 
0.0000000000000000 
0.0008899999999999 
0.0000000000000000 
0.0008899999999999 
0.0000000000000000 
0.0008899999999999 
0.0000000000000000 
0.0008899999999999 
0.0000000000000000 
0.0008899999999999 
0.0000000000000000 
0.0008899999999999 
0.0000000000000000 
0.0008899999999999 
0.0000000000000000 
0.0008800000000000 
0.0000000000000000 
0.0008800000000000 
0.0000000000000000 
0.0008800000000000 
0.0000000000000000 
0.0008800000000000 
0.0000000000000000 
0.0008800000000000 
0.0000000000000000 
0.0008800000000000 
0.0000000000000000 
0.0008800000000000 
0.0000000000000000 
0.0008800000000000 
0.0000000000000000 
0.0008800000000000 
0.0000000000000000 
0.0008800000000000 
0.0000000000000000 
0.0008800000000000 
0.0000000000000000 
0.0008800000000000 
0.0000000000000000 
0.0008800000000000 
0.0000000000000000 
0.0008700000000000 
0.0000000000000000 
0.0008700000000000 
0.0000000000000000 
0.0008700000000000 
0.0000000000000000 
0.0008700000000000 
0.0000000000000000 
0.0008700000000000 
0.0000000000000000 
0.0008700000000000 
0.0000000000000000 
0.0008700000000000 
0.0000000000000000 
0.0008700000000000 
0.0000000000000000 
0.0008700000000000 
0.0000000000000000 
0.0008700000000000 
0.0000000000000000 
0.0008700000000000 
0.0000000000000000 
0.0008700000000000 
0.0000000000000000 
0.0008700000000000 
0.0000000000000000 
0.0008700000000000 
0.0000000000000000 
0.0008600000000000 
0.0000000000000000 
0.0008600000000000 
0.0000000000000000 
0.0008600000000000 
0.0000000000000000 
0.0008600000000000 
0.0000000000000000 
0.0008600000000000 
0.0000000000000000 
0.0008600000000000 
0.0000000000000000 
0.0008600000000000 
0.0000000000000000 
0.0008600000000000 
0.0000000000000000 
0.0008600000000000 
0.0000000000000000 
0.0008600000000000 
0.0000000000000000 
0.0008600000000000 
0.0000000000000000 
0.0008600000000000 
0.0000000000000000 
0.0008600000000000 
0.0000000000000000 
0.0008500000000000 
0.0000000000000000 
0.0008500000000000 
0.0000000000000000 
0.0008500000000000 
0.0000000000000000 
0.0008500000000000 
0.0000000000000000 
0.0008500000000000 
0.0000000000000000 
0.0008500000000000 
0.0000000000000000 
0.0008500000000000 
0.0000000000000000 
0.0008500000000000 
0.0000000000000000 
0.0008500000000000 
0.0000000000000000 
0.0008500000000000 
0.0000000000000000 
0.0008500000000000 
0.0000000000000000 
0.0008500000000000 
0.0000000000000000 
0.0008500000000000 
0.0000000000000000 
0.0008500000000000 
0.0000000000000000 
0.0008400000000000 
0.0000000000000000 
0.0008400000000000 
0.0000000000000000 
0.0008400000000000 
0.0000000000000000 
0.0008400000000000 
0.0000000000000000 
0.0008400000000000 
0.0000000000000000 
0.0008400000000000 
0.0000000000000000 
0.0008400000000000 
0.0000000000000000 
0.0008400000000000 
0.0000000000000000 
0.0008400000000000 
0.0000000000000000 
0.0008400000000000 
0.0000000000000000 
0.0008400000000000 
0.0000000000000000 
0.0008400000000000 
0.0000000000000000 
0.0008400000000000 
0.0000000000000000 
0.0008400000000000 
0.0000000000000000 
0.0008300000000000 
0.0000000000000000 
0.0008300000000000 
0.0000000000000000 
0.0008300000000000 
0.0000000000000000 
0.0008300000000000 
0.0000000000000000 
0.0008300000000000 
0.0000000000000000 
0.0008300000000000 
0.0000000000000000 
0.0008300000000000 
0.0000000000000000 
0.0008300000000000 
0.0000000000000000 
0.0008300000000000 
0.0000000000000000 
0.0008300000000000 
0.0000000000000000 
0.0008300000000000 
0.0000000000000000 
0.0008300000000000 
0.0000000000000000 
0.0008300000000000 
0.0000000000000000 
0.0008300000000000 
0.0000000000000000 
0.0008300000000000 
0.0000000000000000 
0.0008200000000000 
0.0000000000000000 
0.0008200000000000 
0.0000000000000000 
0.0008200000000000 
0.0000000000000000 
0.0008200000000000 
0.0000000000000000 
0.0008200000000000 
0.0000000000000000 
0.0008200000000000 
0.0000000000000000 
0.0008200000000000 
0.0000000000000000 
0.0008200000000000 
0.0000000000000000 
0.0008200000000000 
0.0000000000000000 
0.0008200000000000 
0.0000000000000000 
0.0008200000000000 
0.0000000000000000 
0.0008200000000000 
0.0000000000000000 
0.0008200000000000 
0.0000000000000000 
0.0008200000000000 
0.0000000000000000 
0.0008100000000000 
0.0000000000000000 
0.0008100000000000 
0.0000000000000000 
0.0008100000000000 
0.0000000000000000 
0.0008100000000000 
0.0000000000000000 
0.0008100000000000 
0.0000000000000000 
0.0008100000000000 
0.0000000000000000 
0.0008100000000000 
0.0000000000000000 
0.0008100000000000 
0.0000000000000000 
0.0008100000000000 
0.0000000000000000 
0.0008100000000000 
0.0000000000000000 
0.0008100000000000 
0.0000000000000000 
0.0008100000000000 
0.0000000000000000 
0.0008100000000000 
0.0000000000000000 
0.0008100000000000 
0.0000000000000000 
0.0008100000000000 
0.0000000000000000 
0.0008100000000000 
0.0000000000000000 
0.0008000000000000 
0.0000000000000000 
0.0008000000000000 
0.0000000000000000 
0.0008000000000000 
0.0000000000000000 
0.0008000000000000 
0.0000000000000000 
0.0008000000000000 
0.0000000000000000 
0.0008000000000000 
0.0000000000000000 
0.0008000000000000 
0.0000000000000000 
0.0008000000000000 
0.0000000000000000 
0.0008000000000000 
0.0000000000000000 
0.0008000000000000 
0.0000000000000000 
0.0008000000000000 
0.0000000000000000 
0.0008000000000000 
0.0000000000000000 
0.0008000000000000 
0.0000000000000000 
0.0008000000000000 
0.0000000000000000 
0.0008000000000000 
0.0000000000000000 
0.0007900000000000 
0.0000000000000000 
0.0007900000000000 
0.0000000000000000 
0.0007900000000000 
0.0000000000000000 
0.0007900000000000 
0.0000000000000000 
0.0007900000000000 
0.0000000000000000 
0.0007900000000000 
0.0000000000000000 
0.0007900000000000 
0.0000000000000000 
0.0007900000000000 
0.0000000000000000 
0.0007900000000000 
0.0000000000000000 
0.0007900000000000 
0.0000000000000000 
0.0007900000000000 
0.0000000000000000 
0.0007900000000000 
0.0000000000000000 
0.0007900000000000 
0.0000000000000000 
0.0007900000000000 
0.0000000000000000 
0.0007900000000000 
0.0000000000000000 
0.0007900000000000 
0.0000000000000000 
0.0007800000000000 
0.0000000000000000 
0.0007800000000000 
0.0000000000000000 
0.0007800000000000 
0.0000000000000000 
0.0007800000000000 
0.0000000000000000 
0.0007800000000000 
0.0000000000000000 
0.0007800000000000 
0.0000000000000000 
0.0007800000000000 
0.0000000000000000 
0.0007800000000000 
0.0000000000000000 
0.0007800000000000 
0.0000000000000000 
0.0007800000000000 
0.0000000000000000 
0.0007800000000000 
0.0000000000000000 
0.0007800000000000 
0.0000000000000000 
0.0007800000000000 
0.0000000000000000 
0.0007800000000000 
0.0000000000000000 
0.0007800000000000 
0.0000000000000000 
0.0007800000000000 
0.0000000000000000 
0.0007800000000000 
0.0000000000000000 
0.0007700000000000 
0.0000000000000000 
0.0007700000000000 
0.0000000000000000 
0.0007700000000000 
0.0000000000000000 
0.0007700000000000 
0.0000000000000000 
0.0007700000000000 
0.0000000000000000 
0.0007700000000000 
0.0000000000000000 
0.0007700000000000 
0.0000000000000000 
0.0007700000000000 
0.0000000000000000 
0.0007700000000000 
0.0000000000000000 
0.0007700000000000 
0.0000000000000000 
0.0007700000000000 
0.0000000000000000 
0.0007700000000000 
0.0000000000000000 
0.0007700000000000 
0.0000000000000000 
0.0007700000000000 
0.0000000000000000 
0.0007700000000000 
0.0000000000000000 
0.0007700000000000 
0.0000000000000000 
0.0007700000000000 
0.0000000000000000 
0.0007600000000000 
0.0000000000000000 
0.0007600000000000 
0.0000000000000000 
0.0007600000000000 
0.0000000000000000 
0.0007600000000000 
0.0000000000000000 
0.0007600000000000 
0.0000000000000000 
0.0007600000000000 
0.0000000000000000 
0.0007600000000000 
0.0000000000000000 
0.0007600000000000 
0.0000000000000000 
0.0007600000000000 
0.0000000000000000 
0.0007600000000000 
0.0000000000000000 
0.0007600000000000 
0.0000000000000000 
0.0007600000000000 
0.0000000000000000 
0.0007600000000000 
0.0000000000000000 
0.0007600000000000 
0.0000000000000000 
0.0007600000000000 
0.0000000000000000 
0.0007600000000000 
0.0000000000000000 
0.0007600000000000 
0.0000000000000000 
0.0007500000000000 
0.0000000000000000 
0.0007500000000000 
0.0000000000000000 
0.0007500000000000 
0.0000000000000000 
0.0007500000000000 
0.0000000000000000 
0.0007500000000000 
0.0000000000000000 
0.0007500000000000 
0.0000000000000000 
0.0007500000000000 
0.0000000000000000 
0.0007500000000000 
0.0000000000000000 
0.0007500000000000 
0.0000000000000000 
0.0007500000000000 
0.0000000000000000 
0.0007500000000000 
0.0000000000000000 
0.0007500000000000 
0.0000000000000000 
0.0007500000000000 
0.0000000000000000 
0.0007500000000000 
0.0000000000000000 
0.0007500000000000 
0.0000000000000000 
0.0007500000000000 
0.0000000000000000 
0.0007500000000000 
0.0000000000000000 
0.0007500000000000 
0.0000000000000000 
0.0007400000000000 
0.0000000000000000 
0.0007400000000000 
0.0000000000000000 
0.0007400000000000 
0.0000000000000000 
0.0007400000000000 
0.0000000000000000 
0.0007400000000000 
0.0000000000000000 
0.0007400000000000 
0.0000000000000000 
0.0007400000000000 
0.0000000000000000 
0.0007400000000000 
0.0000000000000000 
0.0007400000000000 
0.0000000000000000 
0.0007400000000000 
0.0000000000000000 
0.0007400000000000 
0.0000000000000000 
0.0007400000000000 
0.0000000000000000 
0.0007400000000000 
0.0000000000000000 
0.0007400000000000 
0.0000000000000000 
0.0007400000000000 
0.0000000000000000 
0.0007400000000000 
0.0000000000000000 
0.0007400000000000 
0.0000000000000000 
0.0007400000000000 
0.0000000000000000 
0.0007300000000000 
0.0000000000000000 
0.0007300000000000 
0.0000000000000000 
0.0007300000000000 
0.0000000000000000 
0.0007300000000000 
0.0000000000000000 
0.0007300000000000 
0.0000000000000000 
0.0007300000000000 
0.0000000000000000 
0.0007300000000000 
0.0000000000000000 
0.0007300000000000 
0.0000000000000000 
0.0007300000000000 
0.0000000000000000 
0.0007300000000000 
0.0000000000000000 
0.0007300000000000 
0.0000000000000000 
0.0007300000000000 
0.0000000000000000 
0.0007300000000000 
0.0000000000000000 
0.0007300000000000 
0.0000000000000000 
0.0007300000000000 
0.0000000000000000 
0.0007300000000000 
0.0000000000000000 
0.0007300000000000 
0.0000000000000000 
0.0007300000000000 
0.0000000000000000 
0.0007300000000000 
0.0000000000000000 
0.0007200000000001 
0.0000000000000000 
0.0007200000000001 
0.0000000000000000 
0.0007200000000001 
0.0000000000000000 
0.0007200000000001 
0.0000000000000000 
0.0007200000000001 
0.0000000000000000 
0.0007200000000001 
0.0000000000000000 
0.0007200000000001 
0.0000000000000000 
0.0007200000000001 
0.0000000000000000 
0.0007200000000001 
0.0000000000000000 
0.0007200000000001 
0.0000000000000000 
0.0007200000000001 
0.0000000000000000 
0.0007200000000001 
0.0000000000000000 
0.0007200000000001 
0.0000000000000000 
0.0007200000000001 
0.0000000000000000 
0.0007200000000001 
0.0000000000000000 
0.0007200000000001 
0.0000000000000000 
0.0007200000000001 
0.0000000000000000 
0.0007200000000001 
0.0000000000000000 
0.0007200000000001 
0.0000000000000000 
0.0007100000000000 
0.0000000000000000 
0.0007100000000000 
0.0000000000000000 
0.0007100000000000 
0.0000000000000000 
0.0007100000000000 
0.0000000000000000 
0.0007100000000000 
0.0000000000000000 
0.0007100000000000 
0.0000000000000000 
0.0007100000000000 
0.0000000000000000 
0.0007100000000000 
0.0000000000000000 
0.0007100000000000 
0.0000000000000000 
0.0007100000000000 
0.0000000000000000 
0.0007100000000000 
0.0000000000000000 
0.0007100000000000 
0.0000000000000000 
0.0007100000000000 
0.0000000000000000 
0.0007100000000000 
0.0000000000000000 
0.0007100000000000 
0.0000000000000000 
0.0007100000000000 
0.0000000000000000 
0.0007100000000000 
0.0000000000000000 
0.0007100000000000 
0.0000000000000000 
0.0007100000000000 
0.0000000000000000 
0.0007100000000000 
0.0000000000000000 
0.0007000000000000 
0.0000000000000000 
0.0007000000000000 
0.0000000000000000 
0.0007000000000000 
0.0000000000000000 
0.0007000000000000 
0.0000000000000000 
0.0007000000000000 
0.0000000000000000 
0.0007000000000000 
0.0000000000000000 
0.0007000000000000 
0.0000000000000000 
0.0007000000000000 
0.0000000000000000 
0.0007000000000000 
0.0000000000000000 
0.0007000000000000 
0.0000000000000000 
0.0007000000000000 
0.0000000000000000 
0.0007000000000000 
0.0000000000000000 
0.0007000000000000 
0.0000000000000000 
0.0007000000000000 
0.0000000000000000 
0.0007000000000000 
0.0000000000000000 
0.0007000000000000 
0.0000000000000000 
0.0007000000000000 
0.0000000000000000 
0.0007000000000000 
0.0000000000000000 
0.0007000000000000 
0.0000000000000000 
0.0007000000000000 
0.0000000000000000 
0.0006900000000000 
0.0000000000000000 
0.0006900000000000 
0.0000000000000000 
0.0006900000000000 
0.0000000000000000 
0.0006900000000000 
0.0000000000000000 
0.0006900000000000 
0.0000000000000000 
0.0006900000000000 
0.0000000000000000 
0.0006900000000000 
0.0000000000000000 
0.0006900000000000 
0.0000000000000000 
0.0006900000000000 
0.0000000000000000 
0.0006900000000000 
0.0000000000000000 
0.0006900000000000 
0.0000000000000000 
0.0006900000000000 
0.0000000000000000 
0.0006900000000000 
0.0000000000000000 
0.0006900000000000 
0.0000000000000000 
0.0006900000000000 
0.0000000000000000 
0.0006900000000000 
0.0000000000000000 
0.0006900000000000 
0.0000000000000000 
0.0006900000000000 
0.0000000000000000 
0.0006900000000000 
0.0000000000000000 
0.0006900000000000 
0.0000000000000000 
0.0006900000000000 
0.0000000000000000 
0.0006800000000000 
0.0000000000000000 
0.0006800000000000 
0.0000000000000000 
0.0006800000000000 
0.0000000000000000 
0.0006800000000000 
0.0000000000000000 
0.0006800000000000 
0.0000000000000000 
0.0006800000000000 
0.0000000000000000 
0.0006800000000000 
0.0000000000000000 
0.0006800000000000 
0.0000000000000000 
0.0006800000000000 
0.0000000000000000 
0.0006800000000000 
0.0000000000000000 
0.0006800000000000 
0.0000000000000000 
0.0006800000000000 
0.0000000000000000 
0.0006800000000000 
0.0000000000000000 
0.0006800000000000 
0.0000000000000000 
0.0006800000000000 
0.0000000000000000 
0.0006800000000000 
0.0000000000000000 
0.0006800000000000 
0.0000000000000000 
0.0006800000000000 
0.0000000000000000 
0.0006800000000000 
0.0000000000000000 
0.0006800000000000 
0.0000000000000000 
0.0006800000000000 
0.0000000000000000 
0.0006800000000000 
0.0000000000000000 
0.0006699999999999 
0.0000000000000000 
0.0006699999999999 
0.0000000000000000 
0.0006699999999999 
0.0000000000000000 
0.0006699999999999 
0.0000000000000000 
0.0006699999999999 
0.0000000000000000 
0.0006699999999999 
0.0000000000000000 
0.0006699999999999 
0.0000000000000000 
0.0006699999999999 
0.0000000000000000 
0.0006699999999999 
0.0000000000000000 
0.0006699999999999 
0.0000000000000000 
0.0006699999999999 
0.0000000000000000 
0.0006699999999999 
0.0000000000000000 
0.0006699999999999 
0.0000000000000000 
0.0006699999999999 
0.0000000000000000 
0.0006699999999999 
0.0000000000000000 
0.0006699999999999 
0.0000000000000000 
0.0006699999999999 
0.0000000000000000 
0.0006699999999999 
0.0000000000000000 
