1.6685270440016908 
1.8818980262358780 
2.5033354845264122 
0.9151855683406364 
0.4790928401006364 
0.1023190514580229 
0.0331957873341955 
0.0049420414102309 
0.0011599305193922 
0.0001319085942376 
0.0000242280404740 
0.0000022250576965 
0.0000003354798238 
0.0000000258041366 
0.0000000032978763 
0.0000000002181039 
0.0000000000242153 
0.0000000000014193 
0.0000000000001457 
0.0000000000000109 
0.0000000000000142 
0.0000000000000195 
0.0000000000000245 
0.0000000000000682 
0.0000000000000432 
0.0000000000000443 
0.0000000000000606 
0.0000000000000553 
0.0000000000000578 
0.0000000000000339 
0.0000000000000262 
0.0000000000000201 
0.0000000000000407 
0.0000000000000591 
0.0000000000000724 
0.0000000000000547 
0.0000000000000547 
0.0000000000000439 
0.0000000000000180 
0.0000000000000409 
0.0000000000000163 
0.0000000000000898 
0.0000000000000363 
0.0000000000001392 
0.0000000000001007 
0.0000000000000125 
0.0000000000001945 
0.0000000000001305 
0.0000000000001344 
0.0000000000001970 
