1.9589239517178454 
1.3197007453411613 
0.6809559149910631 
0.2088082479465478 
0.0703465658071368 
0.0158197740158847 
0.0042082013794648 
0.0007278420985036 
0.0001594550634414 
0.0000222656576292 
0.0000041435613256 
0.0000004839901560 
0.0000000782841426 
0.0000000078463134 
0.0000000011220889 
0.0000000000984699 
0.0000000000126560 
0.0000000000011008 
0.0000000000004863 
0.0000000000010176 
0.0000000000014123 
0.0000000000043882 
0.0000000000060210 
0.0000000000162649 
0.0000000000159391 
0.0000000000469191 
0.0000000000630704 
0.0000000001775983 
0.0000000004013109 
0.0000000003597719 
0.0000000011503565 
0.0000000025056957 
0.0000000046469267 
0.0000000078520955 
0.0000000155813152 
0.0000000247692277 
0.0000000652347870 
0.0000001132983559 
0.0000002079389850 
0.0000005914302369 
0.0000009015501789 
0.0000015146057802 
0.0000035899464214 
0.0000072717707423 
0.0000106494255892 
0.0000109482630173 
0.0000364419755159 
0.0000752040327592 
0.0001070320438594 
0.0003083776620660 
