0.0928900000000000 
1.5999999999999996 
0.0395677210384524 
0.5492962755344706 
0.0115131622856952 
0.0483070172048377 
0.0028705293056279 
0.1168771690399758 
0.0035484640348986 
0.0602235013143155 
0.0002786815607567 
0.0296311490709533 
0.0012345468215050 
0.0438372991202042 
0.0005871953684322 
0.0019461456232601 
0.0003571065803848 
0.0261338354170209 
0.0004502720330396 
0.0132051845791227 
0.0000070479408421 
0.0115741786705750 
0.0002652500619031 
0.0147522727453003 
0.0001128047966374 
0.0012979797922633 
0.0001170157104701 
0.0115619519211655 
0.0001269780219300 
0.0046732241241945 
0.0000199452520440 
0.0066043601895449 
0.0000967466343074 
0.0069479516985529 
0.0000316640239908 
0.0017677462693686 
0.0000543130262814 
0.0064798297941562 
0.0000491911376010 
0.0018458674642152 
0.0000164677532236 
0.0043863491944334 
0.0000450188009787 
0.0037733275268230 
0.0000095186835452 
0.0017335044725728 
0.0000300050667247 
0.0040726446001395 
0.0000222839975647 
0.0006326511759708 
0.0000125074892934 
0.0031534928340399 
0.0000239481439793 
0.0021836140356046 
0.0000020174073626 
0.0015872658334640 
0.0000183308159850 
0.0027250529117155 
0.0000109194237348 
0.0000429901224153 
