60
-0.70711
6.1232e-17 -0.86603
0.38268 -0.38268 -0.92388
0.58779 6.1232e-17 -0.58779 -0.95106
0.70711 0.25882 -0.25882 -0.70711 -0.96593
0.78183 0.43388 6.1232e-17 -0.43388 -0.78183 -0.97493
0.83147 0.55557 0.19509 -0.19509 -0.55557 -0.83147 -0.98079
0.86603 0.64279 0.34202 6.1232e-17 -0.34202 -0.64279 -0.86603 -0.98481
0.89101 0.70711 0.45399 0.15643 -0.15643 -0.45399 -0.70711 -0.89101 -0.98769
0.90963 0.75575 0.54064 0.28173 2.8328e-16 -0.28173 -0.54064 -0.75575 -0.90963 -0.98982
0.92388 0.79335 0.60876 0.38268 0.13053 -0.13053 -0.38268 -0.60876 -0.79335 -0.92388 -0.99144
0.93502 0.82298 0.66312 0.46472 0.23932 -1.6081e-16 -0.23932 -0.46472 -0.66312 -0.82298 -0.93502 -0.99271
0.94388 0.84672 0.70711 0.53203 0.33028 0.11196 -0.11196 -0.33028 -0.53203 -0.70711 -0.84672 -0.94388 -0.99371
0.95106 0.86603 0.74314 0.58779 0.40674 0.20791 2.8328e-16 -0.20791 -0.40674 -0.58779 -0.74314 -0.86603 -0.95106 -0.99452
0.95694 0.88192 0.77301 0.63439 0.4714 0.29028 0.098017 -0.098017 -0.29028 -0.4714 -0.63439 -0.77301 -0.88192 -0.95694 -0.99518
0.96183 0.89516 0.79802 0.6737 0.52643 0.36124 0.18375 6.1232e-17 -0.18375 -0.36124 -0.52643 -0.6737 -0.79802 -0.89516 -0.96183 -0.99573
0.96593 0.90631 0.81915 0.70711 0.57358 0.42262 0.25882 0.087156 -0.087156 -0.25882 -0.42262 -0.57358 -0.70711 -0.81915 -0.90631 -0.96593 -0.99619
0.9694 0.91577 0.83717 0.73572 0.61421 0.47595 0.3247 0.16459 6.1232e-17 -0.16459 -0.3247 -0.47595 -0.61421 -0.73572 -0.83717 -0.91577 -0.9694 -0.99658
0.97237 0.92388 0.85264 0.76041 0.64945 0.5225 0.38268 0.23345 0.078459 -0.078459 -0.23345 -0.38268 -0.5225 -0.64945 -0.76041 -0.85264 -0.92388 -0.97237 -0.99692
0.97493 0.93087 0.86603 0.78183 0.68017 0.56332 0.43388 0.29476 0.14904 6.1232e-17 -0.14904 -0.29476 -0.43388 -0.56332 -0.68017 -0.78183 -0.86603 -0.93087 -0.97493 -0.9972
0.97715 0.93695 0.87768 0.80054 0.70711 0.59928 0.47925 0.34946 0.21257 0.071339 -0.071339 -0.21257 -0.34946 -0.47925 -0.59928 -0.70711 -0.80054 -0.87768 -0.93695 -0.97715 -0.99745
0.97908 0.94226 0.88789 0.81697 0.73084 0.63109 0.51958 0.3984 0.2698 0.13617 6.1232e-17 -0.13617 -0.2698 -0.3984 -0.51958 -0.63109 -0.73084 -0.81697 -0.88789 -0.94226 -0.97908 -0.99767
0.98079 0.94693 0.89687 0.83147 0.75184 0.65935 0.55557 0.44229 0.32144 0.19509 0.065403 -0.065403 -0.19509 -0.32144 -0.44229 -0.55557 -0.65935 -0.75184 -0.83147 -0.89687 -0.94693 -0.98079 -0.99786
0.98229 0.95106 0.90483 0.84433 0.77051 0.68455 0.58779 0.48175 0.36812 0.24869 0.12533 6.1232e-17 -0.12533 -0.24869 -0.36812 -0.48175 -0.58779 -0.68455 -0.77051 -0.84433 -0.90483 -0.95106 -0.98229 -0.99803
0.98362 0.95472 0.9119 0.85578 0.78718 0.70711 0.61672 0.51734 0.41041 0.2975 0.18026 0.060378 -0.060378 -0.18026 -0.2975 -0.41041 -0.51734 -0.61672 -0.70711 -0.78718 -0.85578 -0.9119 -0.95472 -0.98362 -0.99818
0.98481 0.95799 0.91822 0.86603 0.80212 0.72737 0.64279 0.54951 0.4488 0.34202 0.23062 0.11609 6.1232e-17 -0.11609 -0.23062 -0.34202 -0.4488 -0.54951 -0.64279 -0.72737 -0.80212 -0.86603 -0.91822 -0.95799 -0.98481 -0.99831
0.98587 0.96092 0.92388 0.87522 0.81556 0.74564 0.66635 0.57867 0.48372 0.38268 0.27684 0.16751 0.05607 -0.05607 -0.16751 -0.27684 -0.38268 -0.48372 -0.57867 -0.66635 -0.74564 -0.81556 -0.87522 -0.92388 -0.96092 -0.98587 -0.99843
0.98683 0.96355 0.92898 0.88351 0.82769 0.76216 0.6877 0.60517 0.51555 0.41989 0.3193 0.21497 0.10812 6.1232e-17 -0.10812 -0.21497 -0.3193 -0.41989 -0.51555 -0.60517 -0.6877 -0.76216 -0.82769 -0.88351 -0.92898 -0.96355 -0.98683 -0.99853
0.98769 0.96593 0.93358 0.89101 0.83867 0.77715 0.70711 0.62932 0.54464 0.45399 0.35837 0.25882 0.15643 0.052336 -0.052336 -0.15643 -0.25882 -0.35837 -0.45399 -0.54464 -0.62932 -0.70711 -0.77715 -0.83867 -0.89101 -0.93358 -0.96593 -0.98769 -0.99863
0.98847 0.96808 0.93775 0.8978 0.84864 0.79078 0.72479 0.65137 0.57127 0.4853 0.39436 0.29936 0.2013 0.10117 6.1232e-17 -0.10117 -0.2013 -0.29936 -0.39436 -0.4853 -0.57127 -0.65137 -0.72479 -0.79078 -0.84864 -0.8978 -0.93775 -0.96808 -0.98847 -0.99872
0.98918 0.97003 0.94154 0.90399 0.85773 0.80321 0.74095 0.67156 0.5957 0.5141 0.42756 0.33689 0.24298 0.14673 0.049068 -0.049068 -0.14673 -0.24298 -0.33689 -0.42756 -0.5141 -0.5957 -0.67156 -0.74095 -0.80321 -0.85773 -0.90399 -0.94154 -0.97003 -0.98918 -0.9988
0.98982 0.97181 0.945 0.90963 0.86603 0.81458 0.75575 0.69008 0.61816 0.54064 0.45823 0.37166 0.28173 0.18925 0.095056 6.1232e-17 -0.095056 -0.18925 -0.28173 -0.37166 -0.45823 -0.54064 -0.61816 -0.69008 -0.75575 -0.81458 -0.86603 -0.90963 -0.945 -0.97181 -0.98982 -0.99887
0.99041 0.97344 0.94816 0.91479 0.87362 0.825 0.76933 0.70711 0.63885 0.56514 0.4866 0.40392 0.31779 0.22895 0.13816 0.046183 -0.046183 -0.13816 -0.22895 -0.31779 -0.40392 -0.4866 -0.56514 -0.63885 -0.70711 -0.76933 -0.825 -0.87362 -0.91479 -0.94816 -0.97344 -0.99041 -0.99893
0.99095 0.97493 0.95106 0.91953 0.8806 0.83457 0.78183 0.72279 0.65794 0.58779 0.5129 0.43388 0.35137 0.26604 0.17856 0.089639 6.1232e-17 -0.089639 -0.17856 -0.26604 -0.35137 -0.43388 -0.5129 -0.58779 -0.65794 -0.72279 -0.78183 -0.83457 -0.8806 -0.91953 -0.95106 -0.97493 -0.99095 -0.99899
0.99144 0.9763 0.95372 0.92388 0.88701 0.84339 0.79335 0.73728 0.67559 0.60876 0.5373 0.46175 0.38268 0.30071 0.21644 0.13053 0.043619 -0.043619 -0.13053 -0.21644 -0.30071 -0.38268 -0.46175 -0.5373 -0.60876 -0.67559 -0.73728 -0.79335 -0.84339 -0.88701 -0.92388 -0.95372 -0.9763 -0.99144 -0.99905
0.9919 0.97756 0.95617 0.92789 0.89293 0.85153 0.804 0.75067 0.69194 0.62822 0.55997 0.48769 0.4119 0.33314 0.25198 0.169 0.084806 6.1232e-17 -0.084806 -0.169 -0.25198 -0.33314 -0.4119 -0.48769 -0.55997 -0.62822 -0.69194 -0.75067 -0.804 -0.85153 -0.89293 -0.92789 -0.95617 -0.97756 -0.9919 -0.9991
0.99232 0.97872 0.95843 0.93159 0.89839 0.85905 0.81385 0.76308 0.70711 0.6463 0.58108 0.51189 0.4392 0.36351 0.28534 0.20522 0.12369 0.041325 -0.041325 -0.12369 -0.20522 -0.28534 -0.36351 -0.4392 -0.51189 -0.58108 -0.6463 -0.70711 -0.76308 -0.81385 -0.85905 -0.89839 -0.93159 -0.95843 -0.97872 -0.99232 -0.99915
0.99271 0.97979 0.96052 0.93502 0.90345 0.86603 0.82298 0.7746 0.7212 0.66312 0.60074 0.53447 0.46472 0.39197 0.31667 0.23932 0.16041 0.080467 6.1232e-17 -0.080467 -0.16041 -0.23932 -0.31667 -0.39197 -0.46472 -0.53447 -0.60074 -0.66312 -0.7212 -0.7746 -0.82298 -0.86603 -0.90345 -0.93502 -0.96052 -0.97979 -0.99271 -0.99919
0.99307 0.98079 0.96246 0.93819 0.90814 0.8725 0.83147 0.78532 0.73432 0.6788 0.61909 0.55557 0.48862 0.41866 0.34612 0.27144 0.19509 0.11754 0.03926 -0.03926 -0.11754 -0.19509 -0.27144 -0.34612 -0.41866 -0.48862 -0.55557 -0.61909 -0.6788 -0.73432 -0.78532 -0.83147 -0.8725 -0.90814 -0.93819 -0.96246 -0.98079 -0.99307 -0.99923
0.9934 0.98171 0.96425 0.94114 0.9125 0.87851 0.83937 0.79529 0.74655 0.69343 0.63624 0.57532 0.51102 0.44372 0.37382 0.30172 0.22785 0.15265 0.076549 2.8328e-16 -0.076549 -0.15265 -0.22785 -0.30172 -0.37382 -0.44372 -0.51102 -0.57532 -0.63624 -0.69343 -0.74655 -0.79529 -0.83937 -0.87851 -0.9125 -0.94114 -0.96425 -0.98171 -0.9934 -0.99927
0.99371 0.98257 0.96593 0.94388 0.91656 0.88412 0.84672 0.8046 0.75797 0.70711 0.65229 0.59382 0.53203 0.46727 0.39989 0.33028 0.25882 0.18591 0.11196 0.037391 -0.037391 -0.11196 -0.18591 -0.25882 -0.33028 -0.39989 -0.46727 -0.53203 -0.59382 -0.65229 -0.70711 -0.75797 -0.8046 -0.84672 -0.88412 -0.91656 -0.94388 -0.96593 -0.98257 -0.99371 -0.9993
0.994 0.98337 0.96748 0.94644 0.92035 0.88934 0.85359 0.81329 0.76865 0.7199 0.66732 0.61117 0.55177 0.48942 0.42446 0.35723 0.2881 0.21743 0.1456 0.072995 6.1232e-17 -0.072995 -0.1456 -0.21743 -0.2881 -0.35723 -0.42446 -0.48942 -0.55177 -0.61117 -0.66732 -0.7199 -0.76865 -0.81329 -0.85359 -0.88934 -0.92035 -0.94644 -0.96748 -0.98337 -0.994 -0.99933
0.99427 0.98411 0.96894 0.94883 0.92388 0.89423 0.86001 0.82142 0.77864 0.73189 0.68142 0.62747 0.57032 0.51027 0.44762 0.38268 0.3158 0.24731 0.17755 0.1069 0.035692 -0.035692 -0.1069 -0.17755 -0.24731 -0.3158 -0.38268 -0.44762 -0.51027 -0.57032 -0.62747 -0.68142 -0.73189 -0.77864 -0.82142 -0.86001 -0.89423 -0.92388 -0.94883 -0.96894 -0.98411 -0.99427 -0.99936
0.99452 0.98481 0.9703 0.95106 0.92718 0.89879 0.86603 0.82904 0.78801 0.74314 0.69466 0.64279 0.58779 0.52992 0.46947 0.40674 0.34202 0.27564 0.20791 0.13917 0.069756 6.1232e-17 -0.069756 -0.13917 -0.20791 -0.27564 -0.34202 -0.40674 -0.46947 -0.52992 -0.58779 -0.64279 -0.69466 -0.74314 -0.78801 -0.82904 -0.86603 -0.89879 -0.92718 -0.95106 -0.9703 -0.98481 -0.99452 -0.99939
0.99476 0.98546 0.97157 0.95314 0.93028 0.90307 0.87166 0.83618 0.79681 0.75371 0.70711 0.6572 0.60424 0.54845 0.49011 0.42948 0.36685 0.30251 0.23676 0.16991 0.10226 0.034141 -0.034141 -0.10226 -0.16991 -0.23676 -0.30251 -0.36685 -0.42948 -0.49011 -0.54845 -0.60424 -0.6572 -0.70711 -0.75371 -0.79681 -0.83618 -0.87166 -0.90307 -0.93028 -0.95314 -0.97157 -0.98546 -0.99476 -0.99942
0.99498 0.98607 0.97276 0.9551 0.93318 0.90709 0.87695 0.84289 0.80507 0.76365 0.71882 0.67078 0.61975 0.56595 0.50962 0.45101 0.39039 0.32802 0.2642 0.19919 0.13329 0.066793 -1.6081e-16 -0.066793 -0.13329 -0.19919 -0.2642 -0.32802 -0.39039 -0.45101 -0.50962 -0.56595 -0.61975 -0.67078 -0.71882 -0.76365 -0.80507 -0.84289 -0.87695 -0.90709 -0.93318 -0.9551 -0.97276 -0.98607 -0.99498 -0.99944
0.99518 0.98664 0.97388 0.95694 0.93591 0.91086 0.88192 0.8492 0.81285 0.77301 0.72986 0.68359 0.63439 0.58248 0.52807 0.4714 0.41271 0.35225 0.29028 0.22708 0.1629 0.098017 0.032719 -0.032719 -0.098017 -0.1629 -0.22708 -0.29028 -0.35225 -0.41271 -0.4714 -0.52807 -0.58248 -0.63439 -0.68359 -0.72986 -0.77301 -0.81285 -0.8492 -0.88192 -0.91086 -0.93591 -0.95694 -0.97388 -0.98664 -0.99518 -0.99946
0.99538 0.98718 0.97493 0.95867 0.93847 0.91441 0.8866 0.85514 0.82017 0.78183 0.74028 0.69568 0.64823 0.59811 0.54553 0.49072 0.43388 0.37527 0.31511 0.25365 0.19116 0.12788 0.06407 6.1232e-17 -0.06407 -0.12788 -0.19116 -0.25365 -0.31511 -0.37527 -0.43388 -0.49072 -0.54553 -0.59811 -0.64823 -0.69568 -0.74028 -0.78183 -0.82017 -0.85514 -0.8866 -0.91441 -0.93847 -0.95867 -0.97493 -0.98718 -0.99538 -0.99949
0.99556 0.98769 0.97592 0.96029 0.94088 0.91775 0.89101 0.86074 0.82708 0.79016 0.75011 0.70711 0.66131 0.61291 0.56208 0.50904 0.45399 0.39715 0.33874 0.27899 0.21814 0.15643 0.094108 0.031411 -0.031411 -0.094108 -0.15643 -0.21814 -0.27899 -0.33874 -0.39715 -0.45399 -0.50904 -0.56208 -0.61291 -0.66131 -0.70711 -0.75011 -0.79016 -0.82708 -0.86074 -0.89101 -0.91775 -0.94088 -0.96029 -0.97592 -0.98769 -0.99556 -0.99951
0.99573 0.98817 0.97685 0.96183 0.94315 0.92091 0.89516 0.86603 0.8336 0.79802 0.7594 0.71791 0.6737 0.62692 0.57777 0.52643 0.47309 0.41796 0.36124 0.30315 0.24391 0.18375 0.12289 0.061561 6.1232e-17 -0.061561 -0.12289 -0.18375 -0.24391 -0.30315 -0.36124 -0.41796 -0.47309 -0.52643 -0.57777 -0.62692 -0.6737 -0.71791 -0.7594 -0.79802 -0.8336 -0.86603 -0.89516 -0.92091 -0.94315 -0.96183 -0.97685 -0.98817 -0.99573 -0.99953
0.9959 0.98862 0.97773 0.96327 0.9453 0.92388 0.89909 0.87102 0.83977 0.80545 0.7682 0.72814 0.68543 0.64021 0.59266 0.54295 0.49125 0.43777 0.38268 0.3262 0.26853 0.20988 0.15046 0.090499 0.030203 -0.030203 -0.090499 -0.15046 -0.20988 -0.26853 -0.3262 -0.38268 -0.43777 -0.49125 -0.54295 -0.59266 -0.64021 -0.68543 -0.72814 -0.7682 -0.80545 -0.83977 -0.87102 -0.89909 -0.92388 -0.9453 -0.96327 -0.97773 -0.98862 -0.9959 -0.99954
0.99605 0.98904 0.97856 0.96464 0.94733 0.92669 0.9028 0.87573 0.8456 0.81249 0.77652 0.73783 0.69655 0.65282 0.6068 0.55865 0.50853 0.45663 0.40312 0.3482 0.29206 0.23489 0.17689 0.11827 0.059241 6.1232e-17 -0.059241 -0.11827 -0.17689 -0.23489 -0.29206 -0.3482 -0.40312 -0.45663 -0.50853 -0.55865 -0.6068 -0.65282 -0.69655 -0.73783 -0.77652 -0.81249 -0.8456 -0.87573 -0.9028 -0.92669 -0.94733 -0.96464 -0.97856 -0.98904 -0.99605 -0.99956
0.99619 0.98944 0.97934 0.96593 0.94924 0.92935 0.90631 0.8802 0.85112 0.81915 0.78442 0.74703 0.70711 0.6648 0.62024 0.57358 0.52498 0.4746 0.42262 0.36921 0.31454 0.25882 0.20222 0.14493 0.087156 0.029085 -0.029085 -0.087156 -0.14493 -0.20222 -0.25882 -0.31454 -0.36921 -0.42262 -0.4746 -0.52498 -0.57358 -0.62024 -0.6648 -0.70711 -0.74703 -0.78442 -0.81915 -0.85112 -0.8802 -0.90631 -0.92935 -0.94924 -0.96593 -0.97934 -0.98944 -0.99619 -0.99958
0.99633 0.98982 0.98008 0.96715 0.95106 0.93186 0.90963 0.88443 0.85635 0.82547 0.7919 0.75575 0.71713 0.67617 0.63301 0.58779 0.54064 0.49173 0.44122 0.38927 0.33605 0.28173 0.2265 0.17052 0.11399 0.057089 6.1232e-17 -0.057089 -0.11399 -0.17052 -0.2265 -0.28173 -0.33605 -0.38927 -0.44122 -0.49173 -0.54064 -0.58779 -0.63301 -0.67617 -0.71713 -0.75575 -0.7919 -0.82547 -0.85635 -0.88443 -0.90963 -0.93186 -0.95106 -0.96715 -0.98008 -0.98982 -0.99633 -0.99959
0.99646 0.99018 0.98079 0.9683 0.95278 0.93425 0.91278 0.88845 0.86131 0.83147 0.79901 0.76404 0.72666 0.687 0.64517 0.60132 0.55557 0.50808 0.45898 0.40844 0.35662 0.30368 0.24978 0.19509 0.13979 0.084051 0.028046 -0.028046 -0.084051 -0.13979 -0.19509 -0.24978 -0.30368 -0.35662 -0.40844 -0.45898 -0.50808 -0.55557 -0.60132 -0.64517 -0.687 -0.72666 -0.76404 -0.79901 -0.83147 -0.86131 -0.88845 -0.91278 -0.93425 -0.95278 -0.9683 -0.98079 -0.99018 -0.99646 -0.99961
0.99658 0.99052 0.98145 0.9694 0.95441 0.93651 0.91577 0.89225 0.86603 0.83717 0.80577 0.77192 0.73572 0.6973 0.65675 0.61421 0.56981 0.52367 0.47595 0.42678 0.37631 0.3247 0.2721 0.21868 0.16459 0.11001 0.055088 6.1232e-17 -0.055088 -0.11001 -0.16459 -0.21868 -0.2721 -0.3247 -0.37631 -0.42678 -0.47595 -0.52367 -0.56981 -0.61421 -0.65675 -0.6973 -0.73572 -0.77192 -0.80577 -0.83717 -0.86603 -0.89225 -0.91577 -0.93651 -0.95441 -0.9694 -0.98145 -0.99052 -0.99658 -0.99962
0.9967 0.99085 0.98208 0.97044 0.95595 0.93866 0.91861 0.89587 0.8705 0.84258 0.81219 0.77941 0.74435 0.70711 0.66779 0.62651 0.58339 0.53857 0.49216 0.44431 0.39516 0.34485 0.29352 0.24134 0.18845 0.135 0.081159 0.027079 -0.027079 -0.081159 -0.135 -0.18845 -0.24134 -0.29352 -0.34485 -0.39516 -0.44431 -0.49216 -0.53857 -0.58339 -0.62651 -0.66779 -0.70711 -0.74435 -0.77941 -0.81219 -0.84258 -0.8705 -0.89587 -0.91861 -0.93866 -0.95595 -0.97044 -0.98208 -0.99085 -0.9967 -0.99963
0.99681 0.99115 0.98268 0.97143 0.95742 0.9407 0.92131 0.89931 0.87476 0.84773 0.8183 0.78655 0.75257 0.71646 0.67831 0.63824 0.59637 0.5528 0.50767 0.46109 0.41321 0.36416 0.31408 0.2631 0.21138 0.15906 0.10629 0.053222 6.1232e-17 -0.053222 -0.10629 -0.15906 -0.21138 -0.2631 -0.31408 -0.36416 -0.41321 -0.46109 -0.50767 -0.5528 -0.59637 -0.63824 -0.67831 -0.71646 -0.75257 -0.78655 -0.8183 -0.84773 -0.87476 -0.89931 -0.92131 -0.9407 -0.95742 -0.97143 -0.98268 -0.99115 -0.99681 -0.99965
0.99692 0.99144 0.98325 0.97237 0.95882 0.94264 0.92388 0.90259 0.87882 0.85264 0.82413 0.79335 0.76041 0.72537 0.68835 0.64945 0.60876 0.56641 0.5225 0.47716 0.43051 0.38268 0.33381 0.28402 0.23345 0.18224 0.13053 0.078459 0.026177 -0.026177 -0.078459 -0.13053 -0.18224 -0.23345 -0.28402 -0.33381 -0.38268 -0.43051 -0.47716 -0.5225 -0.56641 -0.60876 -0.64945 -0.68835 -0.72537 -0.76041 -0.79335 -0.82413 -0.85264 -0.87882 -0.90259 -0.92388 -0.94264 -0.95882 -0.97237 -0.98325 -0.99144 -0.99692 -0.99966
0.99702 0.99172 0.9838 0.97326 0.96015 0.94449 0.92632 0.9057 0.88268 0.85731 0.82968 0.79984 0.76788 0.73389 0.69794 0.66015 0.62061 0.57942 0.5367 0.49255 0.44709 0.40045 0.35275 0.30411 0.25467 0.20455 0.15389 0.10282 0.051479 6.1232e-17 -0.051479 -0.10282 -0.15389 -0.20455 -0.25467 -0.30411 -0.35275 -0.40045 -0.44709 -0.49255 -0.5367 -0.57942 -0.62061 -0.66015 -0.69794 -0.73389 -0.76788 -0.79984 -0.82968 -0.85731 -0.88268 -0.9057 -0.92632 -0.94449 -0.96015 -0.97326 -0.9838 -0.99172 -0.99702 -0.99967
