60
1
-1 1
-1 0 1
-1 -0.33333 0.33333 1
-1 -0.5 0 0.5 1
-1 -0.6 -0.2 0.2 0.6 1
-1 -0.66667 -0.33333 0 0.33333 0.66667 1
-1 -0.71429 -0.42857 -0.14286 0.14286 0.42857 0.71429 1
-1 -0.75 -0.5 -0.25 0 0.25 0.5 0.75 1
-1 -0.77778 -0.55556 -0.33333 -0.11111 0.11111 0.33333 0.55556 0.77778 1
-1 -0.8 -0.6 -0.4 -0.2 0 0.2 0.4 0.6 0.8 1
-1 -0.81818 -0.63636 -0.45455 -0.27273 -0.090909 0.090909 0.27273 0.45455 0.63636 0.81818 1
-1 -0.83333 -0.66667 -0.5 -0.33333 -0.16667 0 0.16667 0.33333 0.5 0.66667 0.83333 1
-1 -0.84615 -0.69231 -0.53846 -0.38462 -0.23077 -0.076923 0.076923 0.23077 0.38462 0.53846 0.69231 0.84615 1
-1 -0.85714 -0.71429 -0.57143 -0.42857 -0.28571 -0.14286 0 0.14286 0.28571 0.42857 0.57143 0.71429 0.85714 1
-1 -0.86667 -0.73333 -0.6 -0.46667 -0.33333 -0.2 -0.066667 0.066667 0.2 0.33333 0.46667 0.6 0.73333 0.86667 1
-1 -0.875 -0.75 -0.625 -0.5 -0.375 -0.25 -0.125 0 0.125 0.25 0.375 0.5 0.625 0.75 0.875 1
-1 -0.88235 -0.76471 -0.64706 -0.52941 -0.41176 -0.29412 -0.17647 -0.058824 0.058824 0.17647 0.29412 0.41176 0.52941 0.64706 0.76471 0.88235 1
-1 -0.88889 -0.77778 -0.66667 -0.55556 -0.44444 -0.33333 -0.22222 -0.11111 0 0.11111 0.22222 0.33333 0.44444 0.55556 0.66667 0.77778 0.88889 1
-1 -0.89474 -0.78947 -0.68421 -0.57895 -0.47368 -0.36842 -0.26316 -0.15789 -0.052632 0.052632 0.15789 0.26316 0.36842 0.47368 0.57895 0.68421 0.78947 0.89474 1
-1 -0.9 -0.8 -0.7 -0.6 -0.5 -0.4 -0.3 -0.2 -0.1 0 0.1 0.2 0.3 0.4 0.5 0.6 0.7 0.8 0.9 1
-1 -0.90476 -0.80952 -0.71429 -0.61905 -0.52381 -0.42857 -0.33333 -0.2381 -0.14286 -0.047619 0.047619 0.14286 0.2381 0.33333 0.42857 0.52381 0.61905 0.71429 0.80952 0.90476 1
-1 -0.90909 -0.81818 -0.72727 -0.63636 -0.54545 -0.45455 -0.36364 -0.27273 -0.18182 -0.090909 0 0.090909 0.18182 0.27273 0.36364 0.45455 0.54545 0.63636 0.72727 0.81818 0.90909 1
-1 -0.91304 -0.82609 -0.73913 -0.65217 -0.56522 -0.47826 -0.3913 -0.30435 -0.21739 -0.13043 -0.043478 0.043478 0.13043 0.21739 0.30435 0.3913 0.47826 0.56522 0.65217 0.73913 0.82609 0.91304 1
-1 -0.91667 -0.83333 -0.75 -0.66667 -0.58333 -0.5 -0.41667 -0.33333 -0.25 -0.16667 -0.083333 0 0.083333 0.16667 0.25 0.33333 0.41667 0.5 0.58333 0.66667 0.75 0.83333 0.91667 1
-1 -0.92 -0.84 -0.76 -0.68 -0.6 -0.52 -0.44 -0.36 -0.28 -0.2 -0.12 -0.04 0.04 0.12 0.2 0.28 0.36 0.44 0.52 0.6 0.68 0.76 0.84 0.92 1
-1 -0.92308 -0.84615 -0.76923 -0.69231 -0.61538 -0.53846 -0.46154 -0.38462 -0.30769 -0.23077 -0.15385 -0.076923 0 0.076923 0.15385 0.23077 0.30769 0.38462 0.46154 0.53846 0.61538 0.69231 0.76923 0.84615 0.92308 1
-1 -0.92593 -0.85185 -0.77778 -0.7037 -0.62963 -0.55556 -0.48148 -0.40741 -0.33333 -0.25926 -0.18519 -0.11111 -0.037037 0.037037 0.11111 0.18519 0.25926 0.33333 0.40741 0.48148 0.55556 0.62963 0.7037 0.77778 0.85185 0.92593 1
-1 -0.92857 -0.85714 -0.78571 -0.71429 -0.64286 -0.57143 -0.5 -0.42857 -0.35714 -0.28571 -0.21429 -0.14286 -0.071429 0 0.071429 0.14286 0.21429 0.28571 0.35714 0.42857 0.5 0.57143 0.64286 0.71429 0.78571 0.85714 0.92857 1
-1 -0.93103 -0.86207 -0.7931 -0.72414 -0.65517 -0.58621 -0.51724 -0.44828 -0.37931 -0.31034 -0.24138 -0.17241 -0.10345 -0.034483 0.034483 0.10345 0.17241 0.24138 0.31034 0.37931 0.44828 0.51724 0.58621 0.65517 0.72414 0.7931 0.86207 0.93103 1
-1 -0.93333 -0.86667 -0.8 -0.73333 -0.66667 -0.6 -0.53333 -0.46667 -0.4 -0.33333 -0.26667 -0.2 -0.13333 -0.066667 0 0.066667 0.13333 0.2 0.26667 0.33333 0.4 0.46667 0.53333 0.6 0.66667 0.73333 0.8 0.86667 0.93333 1
-1 -0.93548 -0.87097 -0.80645 -0.74194 -0.67742 -0.6129 -0.54839 -0.48387 -0.41935 -0.35484 -0.29032 -0.22581 -0.16129 -0.096774 -0.032258 0.032258 0.096774 0.16129 0.22581 0.29032 0.35484 0.41935 0.48387 0.54839 0.6129 0.67742 0.74194 0.80645 0.87097 0.93548 1
-1 -0.9375 -0.875 -0.8125 -0.75 -0.6875 -0.625 -0.5625 -0.5 -0.4375 -0.375 -0.3125 -0.25 -0.1875 -0.125 -0.0625 0 0.0625 0.125 0.1875 0.25 0.3125 0.375 0.4375 0.5 0.5625 0.625 0.6875 0.75 0.8125 0.875 0.9375 1
-1 -0.93939 -0.87879 -0.81818 -0.75758 -0.69697 -0.63636 -0.57576 -0.51515 -0.45455 -0.39394 -0.33333 -0.27273 -0.21212 -0.15152 -0.090909 -0.030303 0.030303 0.090909 0.15152 0.21212 0.27273 0.33333 0.39394 0.45455 0.51515 0.57576 0.63636 0.69697 0.75758 0.81818 0.87879 0.93939 1
-1 -0.94118 -0.88235 -0.82353 -0.76471 -0.70588 -0.64706 -0.58824 -0.52941 -0.47059 -0.41176 -0.35294 -0.29412 -0.23529 -0.17647 -0.11765 -0.058824 0 0.058824 0.11765 0.17647 0.23529 0.29412 0.35294 0.41176 0.47059 0.52941 0.58824 0.64706 0.70588 0.76471 0.82353 0.88235 0.94118 1
-1 -0.94286 -0.88571 -0.82857 -0.77143 -0.71429 -0.65714 -0.6 -0.54286 -0.48571 -0.42857 -0.37143 -0.31429 -0.25714 -0.2 -0.14286 -0.085714 -0.028571 0.028571 0.085714 0.14286 0.2 0.25714 0.31429 0.37143 0.42857 0.48571 0.54286 0.6 0.65714 0.71429 0.77143 0.82857 0.88571 0.94286 1
-1 -0.94444 -0.88889 -0.83333 -0.77778 -0.72222 -0.66667 -0.61111 -0.55556 -0.5 -0.44444 -0.38889 -0.33333 -0.27778 -0.22222 -0.16667 -0.11111 -0.055556 0 0.055556 0.11111 0.16667 0.22222 0.27778 0.33333 0.38889 0.44444 0.5 0.55556 0.61111 0.66667 0.72222 0.77778 0.83333 0.88889 0.94444 1
-1 -0.94595 -0.89189 -0.83784 -0.78378 -0.72973 -0.67568 -0.62162 -0.56757 -0.51351 -0.45946 -0.40541 -0.35135 -0.2973 -0.24324 -0.18919 -0.13514 -0.081081 -0.027027 0.027027 0.081081 0.13514 0.18919 0.24324 0.2973 0.35135 0.40541 0.45946 0.51351 0.56757 0.62162 0.67568 0.72973 0.78378 0.83784 0.89189 0.94595 1
-1 -0.94737 -0.89474 -0.84211 -0.78947 -0.73684 -0.68421 -0.63158 -0.57895 -0.52632 -0.47368 -0.42105 -0.36842 -0.31579 -0.26316 -0.21053 -0.15789 -0.10526 -0.052632 0 0.052632 0.10526 0.15789 0.21053 0.26316 0.31579 0.36842 0.42105 0.47368 0.52632 0.57895 0.63158 0.68421 0.73684 0.78947 0.84211 0.89474 0.94737 1
-1 -0.94872 -0.89744 -0.84615 -0.79487 -0.74359 -0.69231 -0.64103 -0.58974 -0.53846 -0.48718 -0.4359 -0.38462 -0.33333 -0.28205 -0.23077 -0.17949 -0.12821 -0.076923 -0.025641 0.025641 0.076923 0.12821 0.17949 0.23077 0.28205 0.33333 0.38462 0.4359 0.48718 0.53846 0.58974 0.64103 0.69231 0.74359 0.79487 0.84615 0.89744 0.94872 1
-1 -0.95 -0.9 -0.85 -0.8 -0.75 -0.7 -0.65 -0.6 -0.55 -0.5 -0.45 -0.4 -0.35 -0.3 -0.25 -0.2 -0.15 -0.1 -0.05 0 0.05 0.1 0.15 0.2 0.25 0.3 0.35 0.4 0.45 0.5 0.55 0.6 0.65 0.7 0.75 0.8 0.85 0.9 0.95 1
-1 -0.95122 -0.90244 -0.85366 -0.80488 -0.7561 -0.70732 -0.65854 -0.60976 -0.56098 -0.5122 -0.46341 -0.41463 -0.36585 -0.31707 -0.26829 -0.21951 -0.17073 -0.12195 -0.073171 -0.02439 0.02439 0.073171 0.12195 0.17073 0.21951 0.26829 0.31707 0.36585 0.41463 0.46341 0.5122 0.56098 0.60976 0.65854 0.70732 0.7561 0.80488 0.85366 0.90244 0.95122 1
-1 -0.95238 -0.90476 -0.85714 -0.80952 -0.7619 -0.71429 -0.66667 -0.61905 -0.57143 -0.52381 -0.47619 -0.42857 -0.38095 -0.33333 -0.28571 -0.2381 -0.19048 -0.14286 -0.095238 -0.047619 0 0.047619 0.095238 0.14286 0.19048 0.2381 0.28571 0.33333 0.38095 0.42857 0.47619 0.52381 0.57143 0.61905 0.66667 0.71429 0.7619 0.80952 0.85714 0.90476 0.95238 1
-1 -0.95349 -0.90698 -0.86047 -0.81395 -0.76744 -0.72093 -0.67442 -0.62791 -0.5814 -0.53488 -0.48837 -0.44186 -0.39535 -0.34884 -0.30233 -0.25581 -0.2093 -0.16279 -0.11628 -0.069767 -0.023256 0.023256 0.069767 0.11628 0.16279 0.2093 0.25581 0.30233 0.34884 0.39535 0.44186 0.48837 0.53488 0.5814 0.62791 0.67442 0.72093 0.76744 0.81395 0.86047 0.90698 0.95349 1
-1 -0.95455 -0.90909 -0.86364 -0.81818 -0.77273 -0.72727 -0.68182 -0.63636 -0.59091 -0.54545 -0.5 -0.45455 -0.40909 -0.36364 -0.31818 -0.27273 -0.22727 -0.18182 -0.13636 -0.090909 -0.045455 0 0.045455 0.090909 0.13636 0.18182 0.22727 0.27273 0.31818 0.36364 0.40909 0.45455 0.5 0.54545 0.59091 0.63636 0.68182 0.72727 0.77273 0.81818 0.86364 0.90909 0.95455 1
-1 -0.95556 -0.91111 -0.86667 -0.82222 -0.77778 -0.73333 -0.68889 -0.64444 -0.6 -0.55556 -0.51111 -0.46667 -0.42222 -0.37778 -0.33333 -0.28889 -0.24444 -0.2 -0.15556 -0.11111 -0.066667 -0.022222 0.022222 0.066667 0.11111 0.15556 0.2 0.24444 0.28889 0.33333 0.37778 0.42222 0.46667 0.51111 0.55556 0.6 0.64444 0.68889 0.73333 0.77778 0.82222 0.86667 0.91111 0.95556 1
-1 -0.95652 -0.91304 -0.86957 -0.82609 -0.78261 -0.73913 -0.69565 -0.65217 -0.6087 -0.56522 -0.52174 -0.47826 -0.43478 -0.3913 -0.34783 -0.30435 -0.26087 -0.21739 -0.17391 -0.13043 -0.086957 -0.043478 0 0.043478 0.086957 0.13043 0.17391 0.21739 0.26087 0.30435 0.34783 0.3913 0.43478 0.47826 0.52174 0.56522 0.6087 0.65217 0.69565 0.73913 0.78261 0.82609 0.86957 0.91304 0.95652 1
-1 -0.95745 -0.91489 -0.87234 -0.82979 -0.78723 -0.74468 -0.70213 -0.65957 -0.61702 -0.57447 -0.53191 -0.48936 -0.44681 -0.40426 -0.3617 -0.31915 -0.2766 -0.23404 -0.19149 -0.14894 -0.10638 -0.06383 -0.021277 0.021277 0.06383 0.10638 0.14894 0.19149 0.23404 0.2766 0.31915 0.3617 0.40426 0.44681 0.48936 0.53191 0.57447 0.61702 0.65957 0.70213 0.74468 0.78723 0.82979 0.87234 0.91489 0.95745 1
-1 -0.95833 -0.91667 -0.875 -0.83333 -0.79167 -0.75 -0.70833 -0.66667 -0.625 -0.58333 -0.54167 -0.5 -0.45833 -0.41667 -0.375 -0.33333 -0.29167 -0.25 -0.20833 -0.16667 -0.125 -0.083333 -0.041667 0 0.041667 0.083333 0.125 0.16667 0.20833 0.25 0.29167 0.33333 0.375 0.41667 0.45833 0.5 0.54167 0.58333 0.625 0.66667 0.70833 0.75 0.79167 0.83333 0.875 0.91667 0.95833 1
-1 -0.95918 -0.91837 -0.87755 -0.83673 -0.79592 -0.7551 -0.71429 -0.67347 -0.63265 -0.59184 -0.55102 -0.5102 -0.46939 -0.42857 -0.38776 -0.34694 -0.30612 -0.26531 -0.22449 -0.18367 -0.14286 -0.10204 -0.061224 -0.020408 0.020408 0.061224 0.10204 0.14286 0.18367 0.22449 0.26531 0.30612 0.34694 0.38776 0.42857 0.46939 0.5102 0.55102 0.59184 0.63265 0.67347 0.71429 0.7551 0.79592 0.83673 0.87755 0.91837 0.95918 1
-1 -0.96 -0.92 -0.88 -0.84 -0.8 -0.76 -0.72 -0.68 -0.64 -0.6 -0.56 -0.52 -0.48 -0.44 -0.4 -0.36 -0.32 -0.28 -0.24 -0.2 -0.16 -0.12 -0.08 -0.04 0 0.04 0.08 0.12 0.16 0.2 0.24 0.28 0.32 0.36 0.4 0.44 0.48 0.52 0.56 0.6 0.64 0.68 0.72 0.76 0.8 0.84 0.88 0.92 0.96 1
-1 -0.96078 -0.92157 -0.88235 -0.84314 -0.80392 -0.76471 -0.72549 -0.68627 -0.64706 -0.60784 -0.56863 -0.52941 -0.4902 -0.45098 -0.41176 -0.37255 -0.33333 -0.29412 -0.2549 -0.21569 -0.17647 -0.13725 -0.098039 -0.058824 -0.019608 0.019608 0.058824 0.098039 0.13725 0.17647 0.21569 0.2549 0.29412 0.33333 0.37255 0.41176 0.45098 0.4902 0.52941 0.56863 0.60784 0.64706 0.68627 0.72549 0.76471 0.80392 0.84314 0.88235 0.92157 0.96078 1
-1 -0.96154 -0.92308 -0.88462 -0.84615 -0.80769 -0.76923 -0.73077 -0.69231 -0.65385 -0.61538 -0.57692 -0.53846 -0.5 -0.46154 -0.42308 -0.38462 -0.34615 -0.30769 -0.26923 -0.23077 -0.19231 -0.15385 -0.11538 -0.076923 -0.038462 0 0.038462 0.076923 0.11538 0.15385 0.19231 0.23077 0.26923 0.30769 0.34615 0.38462 0.42308 0.46154 0.5 0.53846 0.57692 0.61538 0.65385 0.69231 0.73077 0.76923 0.80769 0.84615 0.88462 0.92308 0.96154 1
-1 -0.96226 -0.92453 -0.88679 -0.84906 -0.81132 -0.77358 -0.73585 -0.69811 -0.66038 -0.62264 -0.58491 -0.54717 -0.50943 -0.4717 -0.43396 -0.39623 -0.35849 -0.32075 -0.28302 -0.24528 -0.20755 -0.16981 -0.13208 -0.09434 -0.056604 -0.018868 0.018868 0.056604 0.09434 0.13208 0.16981 0.20755 0.24528 0.28302 0.32075 0.35849 0.39623 0.43396 0.4717 0.50943 0.54717 0.58491 0.62264 0.66038 0.69811 0.73585 0.77358 0.81132 0.84906 0.88679 0.92453 0.96226 1
-1 -0.96296 -0.92593 -0.88889 -0.85185 -0.81481 -0.77778 -0.74074 -0.7037 -0.66667 -0.62963 -0.59259 -0.55556 -0.51852 -0.48148 -0.44444 -0.40741 -0.37037 -0.33333 -0.2963 -0.25926 -0.22222 -0.18519 -0.14815 -0.11111 -0.074074 -0.037037 0 0.037037 0.074074 0.11111 0.14815 0.18519 0.22222 0.25926 0.2963 0.33333 0.37037 0.40741 0.44444 0.48148 0.51852 0.55556 0.59259 0.62963 0.66667 0.7037 0.74074 0.77778 0.81481 0.85185 0.88889 0.92593 0.96296 1
-1 -0.96364 -0.92727 -0.89091 -0.85455 -0.81818 -0.78182 -0.74545 -0.70909 -0.67273 -0.63636 -0.6 -0.56364 -0.52727 -0.49091 -0.45455 -0.41818 -0.38182 -0.34545 -0.30909 -0.27273 -0.23636 -0.2 -0.16364 -0.12727 -0.090909 -0.054545 -0.018182 0.018182 0.054545 0.090909 0.12727 0.16364 0.2 0.23636 0.27273 0.30909 0.34545 0.38182 0.41818 0.45455 0.49091 0.52727 0.56364 0.6 0.63636 0.67273 0.70909 0.74545 0.78182 0.81818 0.85455 0.89091 0.92727 0.96364 1
-1 -0.96429 -0.92857 -0.89286 -0.85714 -0.82143 -0.78571 -0.75 -0.71429 -0.67857 -0.64286 -0.60714 -0.57143 -0.53571 -0.5 -0.46429 -0.42857 -0.39286 -0.35714 -0.32143 -0.28571 -0.25 -0.21429 -0.17857 -0.14286 -0.10714 -0.071429 -0.035714 0 0.035714 0.071429 0.10714 0.14286 0.17857 0.21429 0.25 0.28571 0.32143 0.35714 0.39286 0.42857 0.46429 0.5 0.53571 0.57143 0.60714 0.64286 0.67857 0.71429 0.75 0.78571 0.82143 0.85714 0.89286 0.92857 0.96429 1
-1 -0.96491 -0.92982 -0.89474 -0.85965 -0.82456 -0.78947 -0.75439 -0.7193 -0.68421 -0.64912 -0.61404 -0.57895 -0.54386 -0.50877 -0.47368 -0.4386 -0.40351 -0.36842 -0.33333 -0.29825 -0.26316 -0.22807 -0.19298 -0.15789 -0.12281 -0.087719 -0.052632 -0.017544 0.017544 0.052632 0.087719 0.12281 0.15789 0.19298 0.22807 0.26316 0.29825 0.33333 0.36842 0.40351 0.4386 0.47368 0.50877 0.54386 0.57895 0.61404 0.64912 0.68421 0.7193 0.75439 0.78947 0.82456 0.85965 0.89474 0.92982 0.96491 1
-1 -0.96552 -0.93103 -0.89655 -0.86207 -0.82759 -0.7931 -0.75862 -0.72414 -0.68966 -0.65517 -0.62069 -0.58621 -0.55172 -0.51724 -0.48276 -0.44828 -0.41379 -0.37931 -0.34483 -0.31034 -0.27586 -0.24138 -0.2069 -0.17241 -0.13793 -0.10345 -0.068966 -0.034483 0 0.034483 0.068966 0.10345 0.13793 0.17241 0.2069 0.24138 0.27586 0.31034 0.34483 0.37931 0.41379 0.44828 0.48276 0.51724 0.55172 0.58621 0.62069 0.65517 0.68966 0.72414 0.75862 0.7931 0.82759 0.86207 0.89655 0.93103 0.96552 1
-1 -0.9661 -0.9322 -0.89831 -0.86441 -0.83051 -0.79661 -0.76271 -0.72881 -0.69492 -0.66102 -0.62712 -0.59322 -0.55932 -0.52542 -0.49153 -0.45763 -0.42373 -0.38983 -0.35593 -0.32203 -0.28814 -0.25424 -0.22034 -0.18644 -0.15254 -0.11864 -0.084746 -0.050847 -0.016949 0.016949 0.050847 0.084746 0.11864 0.15254 0.18644 0.22034 0.25424 0.28814 0.32203 0.35593 0.38983 0.42373 0.45763 0.49153 0.52542 0.55932 0.59322 0.62712 0.66102 0.69492 0.72881 0.76271 0.79661 0.83051 0.86441 0.89831 0.9322 0.9661 1
