0.2000000000000000 
0.2000000000000000 
0.1599999999999999 
0.0700006750016876 
0.1472000000000000 
0.0406250000000000 
0.1351151079162350 
0.0244118339566122 
0.0960819200000002 
0.0088755356190642 
0.0000000000000000 
0.0098649505540224 
0.1799752797654234 
0.0318959622000613 
0.4412758629756708 
0.0525456377870490 
0.6984739702676940 
0.0599619724437453 
0.7062633249451302 
0.0338025612495378 
0.0000000000000000 
0.0516145969876390 
2.0350399717583532 
0.2127662463897934 
5.7481494543690603 
0.4238207080538210 
10.1825988357627626 
0.5639722475083921 
11.2896208693346942 
0.3608127095816376 
0.0000000000000000 
0.6126536551727579 
37.4416543905160850 
2.7618480232699967 
111.7401093855906282 
5.9469429627032353 
207.5926026927757562 
8.4701076718018715 
240.1045079051383198 
5.7461068965631341 
0.0000000000000000 
10.2923360937857833 
852.7727442103066551 
48.5902230649673683 
2621.8458370009802820 
109.0975400996217672 
5002.4446281790769717 
161.3893605335832717 
5916.2731282157237729 
113.1950321838239830 
0.0000000000000000 
209.1636154650771573 
21926.6516933319035161 
1017.0590909310751613 
68605.1228350109013263 
2343.8552854722815937 
133160.4865277328644879 
3550.8410410793617302 
160071.0603638550674077 
2549.2606642215341708 
