50
0.73223
2.5 0.33494
3.4567 1.5433 0.1903
3.9695 2.5 1.0305 0.12236
4.2678 3.147 1.853 0.73223 0.085185
4.4546 3.5847 2.5 1.4153 0.54542 0.06268
4.5787 3.8889 2.9877 2.0123 1.1111 0.42133 0.048037
4.6651 4.107 3.3551 2.5 1.6449 0.89303 0.33494 0.037981
4.7275 4.2678 3.635 2.8911 2.1089 1.365 0.73223 0.27248 0.030779
4.7741 4.3894 3.8516 3.2043 2.5 1.7957 1.1484 0.61063 0.22592 0.025446
4.8097 4.4834 4.0219 3.4567 2.8263 2.1737 1.5433 0.9781 0.51662 0.1903 0.021388
4.8375 4.5575 4.1578 3.6618 3.0983 2.5 1.9017 1.3382 0.84219 0.44254 0.16246 0.018228
4.8597 4.6168 4.2678 3.8301 3.3257 2.7799 2.2201 1.6743 1.1699 0.73223 0.38319 0.14029 0.015719
4.8776 4.6651 4.3579 3.9695 3.5168 3.0198 2.5 1.9802 1.4832 1.0305 0.64214 0.33494 0.12236 0.013695
4.8924 4.7048 4.4325 4.086 3.6785 3.2257 2.745 2.255 1.7743 1.3215 0.91402 0.56747 0.2952 0.10765 0.012038
4.9046 4.7379 4.495 4.1842 3.8161 3.4031 2.9594 2.5 2.0406 1.5969 1.1839 0.81576 0.50496 0.26209 0.095436 0.010665
4.9148 4.7658 4.5479 4.2678 3.9339 3.5565 3.147 2.7179 2.2821 1.853 1.4435 1.0661 0.73223 0.45212 0.23423 0.085185 0.0095133
4.9235 4.7894 4.5929 4.3393 4.0355 3.6899 3.3117 2.9115 2.5 2.0885 1.6883 1.3101 0.96447 0.66069 0.40708 0.21057 0.076499 0.0085388
4.9309 4.8097 4.6316 4.401 4.1236 3.8062 3.4567 3.0836 2.6961 2.3039 1.9164 1.5433 1.1938 0.87638 0.59899 0.3684 0.1903 0.069075 0.0077067
4.9373 4.8272 4.6651 4.4546 4.2004 3.9083 3.5847 3.2369 2.8726 2.5 2.1274 1.7631 1.4153 1.0917 0.79957 0.54542 0.33494 0.17282 0.06268 0.0069905
4.9429 4.8424 4.6942 4.5014 4.2678 3.9982 3.6981 3.3737 3.0314 2.6783 2.3217 1.9686 1.6263 1.3019 1.0018 0.73223 0.49865 0.3058 0.15763 0.057133 0.0063697
4.9477 4.8557 4.7197 4.5424 4.3271 4.0777 3.799 3.496 3.1745 2.8404 2.5 2.1596 1.8255 1.504 1.201 0.92228 0.67291 0.45758 0.28029 0.14435 0.05229 0.0058281
4.952 4.8673 4.7422 4.5787 4.3796 4.1484 3.8889 3.6057 3.3036 2.9877 2.6635 2.3365 2.0123 1.6964 1.3943 1.1111 0.85164 0.6204 0.42133 0.25782 0.13267 0.048037 0.0053527
4.9557 4.8776 4.7621 4.6108 4.4263 4.2114 3.9695 3.7044 3.4203 3.1217 2.8133 2.5 2.1867 1.8783 1.5797 1.2956 1.0305 0.78863 0.57372 0.38918 0.23793 0.12236 0.044282 0.0049332
4.959 4.8868 4.7797 4.6395 4.468 4.2678 4.0418 3.7933 3.526 3.2438 2.9506 2.6509 2.3491 2.0494 1.7562 1.474 1.2067 0.9582 0.73223 0.53204 0.36055 0.22025 0.1132 0.04095 0.0045611
4.962 4.895 4.7955 4.6651 4.5053 4.3184 4.107 3.8738 3.622 3.3551 3.0765 2.7902 2.5 2.2098 1.9235 1.6449 1.378 1.1262 0.89303 0.68157 0.49469 0.33494 0.20446 0.10503 0.037981 0.0042296
4.9647 4.9023 4.8097 4.6881 4.5389 4.3641 4.1659 3.9467 3.7093 3.4567 3.1921 2.9188 2.6402 2.3598 2.0812 1.8079 1.5433 1.2907 1.0533 0.83413 0.63589 0.4611 0.31194 0.1903 0.097707 0.035322 0.003933
4.9671 4.9089 4.8224 4.7088 4.5692 4.4054 4.2192 4.0129 3.7889 3.5497 3.2983 3.0374 2.7703 2.5 2.2297 1.9626 1.7017 1.4503 1.2111 0.98706 0.78075 0.59459 0.43078 0.29122 0.17756 0.091125 0.032934 0.0036665
4.9692 4.9148 4.834 4.7275 4.5967 4.4429 4.2678 4.0733 3.8616 3.635 3.3959 3.147 2.8911 2.6308 2.3692 2.1089 1.853 1.6041 1.365 1.1384 0.9267 0.73223 0.55714 0.40332 0.27248 0.16605 0.085185 0.030779 0.0034262
4.9712 4.9202 4.8444 4.7445 4.6216 4.4769 4.312 4.1284 3.9282 3.7133 3.4859 3.2484 3.0032 2.7529 2.5 2.2471 1.9968 1.7516 1.5141 1.2867 1.0718 0.87157 0.68802 0.52306 0.37839 0.25549 0.15562 0.079807 0.028829 0.0032087
4.9729 4.9251 4.8539 4.76 4.6443 4.508 4.3524 4.1789 3.9892 3.7853 3.5689 3.3422 3.1075 2.8668 2.6227 2.3773 2.1332 1.8925 1.6578 1.4311 1.2147 1.0108 0.8211 0.64762 0.49198 0.35568 0.24003 0.14614 0.074922 0.027059 0.0030114
4.9746 4.9295 4.8625 4.7741 4.6651 4.5364 4.3894 4.2252 4.0454 3.8516 3.6456 3.4292 3.2043 2.9731 2.7376 2.5 2.2624 2.0269 1.7957 1.5708 1.3544 1.1484 0.9546 0.7748 0.61063 0.46356 0.33494 0.22592 0.1375 0.070471 0.025446 0.0028317
4.976 4.9336 4.8704 4.787 4.6841 4.5625 4.4233 4.2678 4.0971 3.9128 3.7165 3.5098 3.2945 3.0724 2.8454 2.6155 2.3845 2.1546 1.9276 1.7055 1.4902 1.2835 1.0872 0.90288 0.73223 0.57667 0.43751 0.31594 0.21302 0.1296 0.066405 0.023974 0.0026676
4.9774 4.9373 4.8776 4.7988 4.7015 4.5864 4.4546 4.307 4.1448 3.9695 3.7822 3.5847 3.3784 3.1651 2.9464 2.7241 2.5 2.2759 2.0536 1.8349 1.6216 1.4153 1.2178 1.0305 0.85515 0.69301 0.54542 0.41357 0.29851 0.20118 0.12236 0.06268 0.022626 0.0025173
4.9786 4.9407 4.8843 4.8097 4.7175 4.6085 4.4834 4.3432 4.189 4.0219 3.8432 3.6544 3.4567 3.2518 3.0411 2.8263 2.609 2.391 2.1737 1.9589 1.7482 1.5433 1.3456 1.1568 0.9781 0.81102 0.65681 0.51662 0.39152 0.28247 0.1903 0.11571 0.05926 0.021388 0.0023794
4.9798 4.9439 4.8904 4.8197 4.7323 4.6288 4.51 4.3767 4.2298 4.0705 3.8999 3.7192 3.5298 3.3328 3.1299 2.9225 2.712 2.5 2.288 2.0775 1.8701 1.6672 1.4702 1.2808 1.1001 0.92945 0.77015 0.62332 0.49001 0.37118 0.26769 0.18028 0.10958 0.056112 0.020249 0.0022526
4.9808 4.9468 4.8961 4.829 4.746 4.6476 4.5346 4.4077 4.2678 4.1157 3.9527 3.7797 3.598 3.4088 3.2133 3.013 2.8092 2.6033 2.3967 2.1908 1.987 1.7867 1.5912 1.402 1.2203 1.0473 0.88425 0.73223 0.59229 0.46538 0.35237 0.25402 0.17102 0.10393 0.053208 0.019199 0.0021356
4.9818 4.9495 4.9013 4.8375 4.7586 4.6651 4.5575 4.4365 4.303 4.1578 4.0019 3.8362 3.6618 3.4799 3.2917 3.0983 2.901 2.7012 2.5 2.2988 2.099 1.9017 1.7083 1.5201 1.3382 1.1638 0.99814 0.84219 0.69699 0.56349 0.44254 0.33494 0.24137 0.16246 0.098705 0.050523 0.018228 0.0020275
4.9827 4.952 4.9061 4.8455 4.7704 4.6812 4.5787 4.4633 4.3358 4.197 4.0477 3.8889 3.7216 3.5466 3.3653 3.1786 2.9877 2.7938 2.5981 2.4019 2.2062 2.0123 1.8214 1.6347 1.4534 1.2784 1.1111 0.95227 0.803 0.66419 0.53671 0.42133 0.31876 0.22964 0.15452 0.093862 0.048037 0.017329 0.0019274
4.9835 4.9543 4.9106 4.8529 4.7813 4.6963 4.5984 4.4882 4.3664 4.2336 4.0906 3.9383 3.7775 3.6093 3.4345 3.2543 3.0696 2.8816 2.6914 2.5 2.3086 2.1184 1.9304 1.7457 1.5655 1.3907 1.2225 1.0617 0.90939 0.76642 0.63362 0.51177 0.40159 0.30372 0.21874 0.14715 0.089366 0.045729 0.016495 0.0018345
4.9843 4.9564 4.9148 4.8597 4.7914 4.7103 4.6168 4.5115 4.3949 4.2678 4.1307 3.9846 3.8301 3.6682 3.4997 3.3257 3.147 2.9648 2.7799 2.5935 2.4065 2.2201 2.0352 1.853 1.6743 1.5003 1.3318 1.1699 1.0154 0.86928 0.73223 0.60507 0.48851 0.38319 0.28971 0.20859 0.14029 0.085185 0.043584 0.015719 0.0017482
4.985 4.9584 4.9187 4.8661 4.8009 4.7234 4.634 4.5332 4.4216 4.2998 4.1683 4.0279 3.8794 3.7235 3.5611 3.3931 3.2202 3.0436 2.864 2.6825 2.5 2.3175 2.136 1.9564 1.7798 1.6069 1.4389 1.2765 1.1206 0.97207 0.8317 0.70024 0.57838 0.46678 0.36602 0.27664 0.19913 0.1339 0.081291 0.041586 0.014998 0.0016679
4.9857 4.9603 4.9223 4.8721 4.8097 4.7356 4.65 4.5536 4.4466 4.3297 4.2035 4.0687 3.9258 3.7757 3.619 3.4567 3.2895 3.1183 2.9439 2.7672 2.5892 2.4108 2.2328 2.0561 1.8817 1.7105 1.5433 1.381 1.2243 1.0742 0.93133 0.79646 0.67026 0.5534 0.44645 0.34996 0.26444 0.1903 0.12794 0.077657 0.039722 0.014324 0.0015929
4.9863 4.962 4.9257 4.8776 4.818 4.747 4.6651 4.5726 4.47 4.3579 4.2366 4.107 3.9695 3.8248 3.6737 3.5168 3.3551 3.1891 3.0198 2.8479 2.6744 2.5 2.3256 2.1521 1.9802 1.8109 1.6449 1.4832 1.3263 1.1752 1.0305 0.89303 0.76335 0.64214 0.52997 0.42741 0.33494 0.25301 0.18204 0.12236 0.074261 0.037981 0.013695 0.0015229
4.9869 4.9636 4.9289 4.8829 4.8257 4.7577 4.6792 4.5905 4.492 4.3843 4.2678 4.143 4.0106 3.8711 3.7253 3.5737 3.4171 3.2563 3.0919 2.9248 2.7557 2.5854 2.4146 2.2443 2.0752 1.9081 1.7437 1.5829 1.4263 1.2747 1.1289 0.98941 0.85699 0.73223 0.61572 0.50799 0.40954 0.32085 0.24231 0.1743 0.11714 0.071082 0.036351 0.013107 0.0014574
4.9874 4.9652 4.9319 4.8878 4.833 4.7677 4.6924 4.6072 4.5127 4.4091 4.2971 4.177 4.0494 3.9149 3.774 3.6275 3.476 3.3201 3.1605 2.998 2.8332 2.667 2.5 2.333 2.1668 2.002 1.8395 1.6799 1.524 1.3725 1.226 1.0851 0.95063 0.82304 0.70294 0.59087 0.48732 0.39277 0.30763 0.23227 0.16705 0.11224 0.068103 0.034824 0.012555 0.0013961
4.988 4.9666 4.9347 4.8924 4.8398 4.7772 4.7048 4.623 4.5321 4.4325 4.3247 4.209 4.086 3.9562 3.8202 3.6785 3.5318 3.3806 3.2257 3.0677 2.9072 2.745 2.5818 2.4182 2.255 2.0928 1.9323 1.7743 1.6194 1.4682 1.3215 1.1798 1.0438 0.91402 0.79102 0.67534 0.56747 0.46788 0.37699 0.2952 0.22284 0.16024 0.10765 0.065308 0.033392 0.012038 0.0013385
4.9884 4.968 4.9373 4.8967 4.8462 4.786 4.7165 4.6379 4.5504 4.4546 4.3507 4.2392 4.1206 3.9953 3.8638 3.7268 3.5847 3.4382 3.2878 3.1341 2.9779 2.8197 2.6602 2.5 2.3398 2.1803 2.0221 1.8659 1.7122 1.5618 1.4153 1.2732 1.1362 1.0047 0.87943 0.76079 0.64931 0.54542 0.44957 0.36214 0.2835 0.21397 0.15383 0.10333 0.06268 0.032046 0.011552 0.0012845
4.9889 4.9692 4.9398 4.9007 4.8522 4.7944 4.7275 4.6519 4.5677 4.4754 4.3753 4.2678 4.1533 4.0323 3.9052 3.7726 3.635 3.4929 3.3468 3.1975 3.0454 2.8911 2.7353 2.5785 2.4215 2.2647 2.1089 1.9546 1.8025 1.6532 1.5071 1.365 1.2274 1.0948 0.96773 0.84672 0.73223 0.62472 0.52461 0.4323 0.34814 0.27248 0.20561 0.1478 0.099266 0.060208 0.030779 0.011095 0.0012336
4.9893 4.9704 4.9421 4.9046 4.8579 4.8023 4.7379 4.6651 4.584 4.495 4.3985 4.2948 4.1842 4.0673 3.9444 3.8161 3.6827 3.5449 3.4031 3.2579 3.1098 2.9594 2.8072 2.6539 2.5 2.3461 2.1928 2.0406 1.8902 1.7421 1.5969 1.4551 1.3173 1.1839 1.0556 0.93269 0.81576 0.70522 0.60149 0.50496 0.41599 0.33494 0.26209 0.19774 0.14211 0.095436 0.057879 0.029586 0.010665 0.0011857
