50
5
0 5
0 2.5 5
0 1.6667 3.3333 5
0 1.25 2.5 3.75 5
0 1 2 3 4 5
0 0.83333 1.6667 2.5 3.3333 4.1667 5
0 0.71429 1.4286 2.1429 2.8571 3.5714 4.2857 5
0 0.625 1.25 1.875 2.5 3.125 3.75 4.375 5
0 0.55556 1.1111 1.6667 2.2222 2.7778 3.3333 3.8889 4.4444 5
0 0.5 1 1.5 2 2.5 3 3.5 4 4.5 5
0 0.45455 0.90909 1.3636 1.8182 2.2727 2.7273 3.1818 3.6364 4.0909 4.5455 5
0 0.41667 0.83333 1.25 1.6667 2.0833 2.5 2.9167 3.3333 3.75 4.1667 4.5833 5
0 0.38462 0.76923 1.1538 1.5385 1.9231 2.3077 2.6923 3.0769 3.4615 3.8462 4.2308 4.6154 5
0 0.35714 0.71429 1.0714 1.4286 1.7857 2.1429 2.5 2.8571 3.2143 3.5714 3.9286 4.2857 4.6429 5
0 0.33333 0.66667 1 1.3333 1.6667 2 2.3333 2.6667 3 3.3333 3.6667 4 4.3333 4.6667 5
0 0.3125 0.625 0.9375 1.25 1.5625 1.875 2.1875 2.5 2.8125 3.125 3.4375 3.75 4.0625 4.375 4.6875 5
0 0.29412 0.58824 0.88235 1.1765 1.4706 1.7647 2.0588 2.3529 2.6471 2.9412 3.2353 3.5294 3.8235 4.1176 4.4118 4.7059 5
0 0.27778 0.55556 0.83333 1.1111 1.3889 1.6667 1.9444 2.2222 2.5 2.7778 3.0556 3.3333 3.6111 3.8889 4.1667 4.4444 4.7222 5
0 0.26316 0.52632 0.78947 1.0526 1.3158 1.5789 1.8421 2.1053 2.3684 2.6316 2.8947 3.1579 3.4211 3.6842 3.9474 4.2105 4.4737 4.7368 5
0 0.25 0.5 0.75 1 1.25 1.5 1.75 2 2.25 2.5 2.75 3 3.25 3.5 3.75 4 4.25 4.5 4.75 5
0 0.2381 0.47619 0.71429 0.95238 1.1905 1.4286 1.6667 1.9048 2.1429 2.381 2.619 2.8571 3.0952 3.3333 3.5714 3.8095 4.0476 4.2857 4.5238 4.7619 5
0 0.22727 0.45455 0.68182 0.90909 1.1364 1.3636 1.5909 1.8182 2.0455 2.2727 2.5 2.7273 2.9545 3.1818 3.4091 3.6364 3.8636 4.0909 4.3182 4.5455 4.7727 5
0 0.21739 0.43478 0.65217 0.86957 1.087 1.3043 1.5217 1.7391 1.9565 2.1739 2.3913 2.6087 2.8261 3.0435 3.2609 3.4783 3.6957 3.913 4.1304 4.3478 4.5652 4.7826 5
0 0.20833 0.41667 0.625 0.83333 1.0417 1.25 1.4583 1.6667 1.875 2.0833 2.2917 2.5 2.7083 2.9167 3.125 3.3333 3.5417 3.75 3.9583 4.1667 4.375 4.5833 4.7917 5
0 0.2 0.4 0.6 0.8 1 1.2 1.4 1.6 1.8 2 2.2 2.4 2.6 2.8 3 3.2 3.4 3.6 3.8 4 4.2 4.4 4.6 4.8 5
0 0.19231 0.38462 0.57692 0.76923 0.96154 1.1538 1.3462 1.5385 1.7308 1.9231 2.1154 2.3077 2.5 2.6923 2.8846 3.0769 3.2692 3.4615 3.6538 3.8462 4.0385 4.2308 4.4231 4.6154 4.8077 5
0 0.18519 0.37037 0.55556 0.74074 0.92593 1.1111 1.2963 1.4815 1.6667 1.8519 2.037 2.2222 2.4074 2.5926 2.7778 2.963 3.1481 3.3333 3.5185 3.7037 3.8889 4.0741 4.2593 4.4444 4.6296 4.8148 5
0 0.17857 0.35714 0.53571 0.71429 0.89286 1.0714 1.25 1.4286 1.6071 1.7857 1.9643 2.1429 2.3214 2.5 2.6786 2.8571 3.0357 3.2143 3.3929 3.5714 3.75 3.9286 4.1071 4.2857 4.4643 4.6429 4.8214 5
0 0.17241 0.34483 0.51724 0.68966 0.86207 1.0345 1.2069 1.3793 1.5517 1.7241 1.8966 2.069 2.2414 2.4138 2.5862 2.7586 2.931 3.1034 3.2759 3.4483 3.6207 3.7931 3.9655 4.1379 4.3103 4.4828 4.6552 4.8276 5
0 0.16667 0.33333 0.5 0.66667 0.83333 1 1.1667 1.3333 1.5 1.6667 1.8333 2 2.1667 2.3333 2.5 2.6667 2.8333 3 3.1667 3.3333 3.5 3.6667 3.8333 4 4.1667 4.3333 4.5 4.6667 4.8333 5
0 0.16129 0.32258 0.48387 0.64516 0.80645 0.96774 1.129 1.2903 1.4516 1.6129 1.7742 1.9355 2.0968 2.2581 2.4194 2.5806 2.7419 2.9032 3.0645 3.2258 3.3871 3.5484 3.7097 3.871 4.0323 4.1935 4.3548 4.5161 4.6774 4.8387 5
0 0.15625 0.3125 0.46875 0.625 0.78125 0.9375 1.0938 1.25 1.4063 1.5625 1.7188 1.875 2.0313 2.1875 2.3438 2.5 2.6563 2.8125 2.9688 3.125 3.2813 3.4375 3.5938 3.75 3.9063 4.0625 4.2188 4.375 4.5313 4.6875 4.8438 5
0 0.15152 0.30303 0.45455 0.60606 0.75758 0.90909 1.0606 1.2121 1.3636 1.5152 1.6667 1.8182 1.9697 2.1212 2.2727 2.4242 2.5758 2.7273 2.8788 3.0303 3.1818 3.3333 3.4848 3.6364 3.7879 3.9394 4.0909 4.2424 4.3939 4.5455 4.697 4.8485 5
0 0.14706 0.29412 0.44118 0.58824 0.73529 0.88235 1.0294 1.1765 1.3235 1.4706 1.6176 1.7647 1.9118 2.0588 2.2059 2.3529 2.5 2.6471 2.7941 2.9412 3.0882 3.2353 3.3824 3.5294 3.6765 3.8235 3.9706 4.1176 4.2647 4.4118 4.5588 4.7059 4.8529 5
0 0.14286 0.28571 0.42857 0.57143 0.71429 0.85714 1 1.1429 1.2857 1.4286 1.5714 1.7143 1.8571 2 2.1429 2.2857 2.4286 2.5714 2.7143 2.8571 3 3.1429 3.2857 3.4286 3.5714 3.7143 3.8571 4 4.1429 4.2857 4.4286 4.5714 4.7143 4.8571 5
0 0.13889 0.27778 0.41667 0.55556 0.69444 0.83333 0.97222 1.1111 1.25 1.3889 1.5278 1.6667 1.8056 1.9444 2.0833 2.2222 2.3611 2.5 2.6389 2.7778 2.9167 3.0556 3.1944 3.3333 3.4722 3.6111 3.75 3.8889 4.0278 4.1667 4.3056 4.4444 4.5833 4.7222 4.8611 5
0 0.13514 0.27027 0.40541 0.54054 0.67568 0.81081 0.94595 1.0811 1.2162 1.3514 1.4865 1.6216 1.7568 1.8919 2.027 2.1622 2.2973 2.4324 2.5676 2.7027 2.8378 2.973 3.1081 3.2432 3.3784 3.5135 3.6486 3.7838 3.9189 4.0541 4.1892 4.3243 4.4595 4.5946 4.7297 4.8649 5
0 0.13158 0.26316 0.39474 0.52632 0.65789 0.78947 0.92105 1.0526 1.1842 1.3158 1.4474 1.5789 1.7105 1.8421 1.9737 2.1053 2.2368 2.3684 2.5 2.6316 2.7632 2.8947 3.0263 3.1579 3.2895 3.4211 3.5526 3.6842 3.8158 3.9474 4.0789 4.2105 4.3421 4.4737 4.6053 4.7368 4.8684 5
0 0.12821 0.25641 0.38462 0.51282 0.64103 0.76923 0.89744 1.0256 1.1538 1.2821 1.4103 1.5385 1.6667 1.7949 1.9231 2.0513 2.1795 2.3077 2.4359 2.5641 2.6923 2.8205 2.9487 3.0769 3.2051 3.3333 3.4615 3.5897 3.7179 3.8462 3.9744 4.1026 4.2308 4.359 4.4872 4.6154 4.7436 4.8718 5
0 0.125 0.25 0.375 0.5 0.625 0.75 0.875 1 1.125 1.25 1.375 1.5 1.625 1.75 1.875 2 2.125 2.25 2.375 2.5 2.625 2.75 2.875 3 3.125 3.25 3.375 3.5 3.625 3.75 3.875 4 4.125 4.25 4.375 4.5 4.625 4.75 4.875 5
0 0.12195 0.2439 0.36585 0.4878 0.60976 0.73171 0.85366 0.97561 1.0976 1.2195 1.3415 1.4634 1.5854 1.7073 1.8293 1.9512 2.0732 2.1951 2.3171 2.439 2.561 2.6829 2.8049 2.9268 3.0488 3.1707 3.2927 3.4146 3.5366 3.6585 3.7805 3.9024 4.0244 4.1463 4.2683 4.3902 4.5122 4.6341 4.7561 4.878 5
0 0.11905 0.2381 0.35714 0.47619 0.59524 0.71429 0.83333 0.95238 1.0714 1.1905 1.3095 1.4286 1.5476 1.6667 1.7857 1.9048 2.0238 2.1429 2.2619 2.381 2.5 2.619 2.7381 2.8571 2.9762 3.0952 3.2143 3.3333 3.4524 3.5714 3.6905 3.8095 3.9286 4.0476 4.1667 4.2857 4.4048 4.5238 4.6429 4.7619 4.881 5
0 0.11628 0.23256 0.34884 0.46512 0.5814 0.69767 0.81395 0.93023 1.0465 1.1628 1.2791 1.3953 1.5116 1.6279 1.7442 1.8605 1.9767 2.093 2.2093 2.3256 2.4419 2.5581 2.6744 2.7907 2.907 3.0233 3.1395 3.2558 3.3721 3.4884 3.6047 3.7209 3.8372 3.9535 4.0698 4.186 4.3023 4.4186 4.5349 4.6512 4.7674 4.8837 5
0 0.11364 0.22727 0.34091 0.45455 0.56818 0.68182 0.79545 0.90909 1.0227 1.1364 1.25 1.3636 1.4773 1.5909 1.7045 1.8182 1.9318 2.0455 2.1591 2.2727 2.3864 2.5 2.6136 2.7273 2.8409 2.9545 3.0682 3.1818 3.2955 3.4091 3.5227 3.6364 3.75 3.8636 3.9773 4.0909 4.2045 4.3182 4.4318 4.5455 4.6591 4.7727 4.8864 5
0 0.11111 0.22222 0.33333 0.44444 0.55556 0.66667 0.77778 0.88889 1 1.1111 1.2222 1.3333 1.4444 1.5556 1.6667 1.7778 1.8889 2 2.1111 2.2222 2.3333 2.4444 2.5556 2.6667 2.7778 2.8889 3 3.1111 3.2222 3.3333 3.4444 3.5556 3.6667 3.7778 3.8889 4 4.1111 4.2222 4.3333 4.4444 4.5556 4.6667 4.7778 4.8889 5
0 0.1087 0.21739 0.32609 0.43478 0.54348 0.65217 0.76087 0.86957 0.97826 1.087 1.1957 1.3043 1.413 1.5217 1.6304 1.7391 1.8478 1.9565 2.0652 2.1739 2.2826 2.3913 2.5 2.6087 2.7174 2.8261 2.9348 3.0435 3.1522 3.2609 3.3696 3.4783 3.587 3.6957 3.8043 3.913 4.0217 4.1304 4.2391 4.3478 4.4565 4.5652 4.6739 4.7826 4.8913 5
0 0.10638 0.21277 0.31915 0.42553 0.53191 0.6383 0.74468 0.85106 0.95745 1.0638 1.1702 1.2766 1.383 1.4894 1.5957 1.7021 1.8085 1.9149 2.0213 2.1277 2.234 2.3404 2.4468 2.5532 2.6596 2.766 2.8723 2.9787 3.0851 3.1915 3.2979 3.4043 3.5106 3.617 3.7234 3.8298 3.9362 4.0426 4.1489 4.2553 4.3617 4.4681 4.5745 4.6809 4.7872 4.8936 5
0 0.10417 0.20833 0.3125 0.41667 0.52083 0.625 0.72917 0.83333 0.9375 1.0417 1.1458 1.25 1.3542 1.4583 1.5625 1.6667 1.7708 1.875 1.9792 2.0833 2.1875 2.2917 2.3958 2.5 2.6042 2.7083 2.8125 2.9167 3.0208 3.125 3.2292 3.3333 3.4375 3.5417 3.6458 3.75 3.8542 3.9583 4.0625 4.1667 4.2708 4.375 4.4792 4.5833 4.6875 4.7917 4.8958 5
0 0.10204 0.20408 0.30612 0.40816 0.5102 0.61224 0.71429 0.81633 0.91837 1.0204 1.1224 1.2245 1.3265 1.4286 1.5306 1.6327 1.7347 1.8367 1.9388 2.0408 2.1429 2.2449 2.3469 2.449 2.551 2.6531 2.7551 2.8571 2.9592 3.0612 3.1633 3.2653 3.3673 3.4694 3.5714 3.6735 3.7755 3.8776 3.9796 4.0816 4.1837 4.2857 4.3878 4.4898 4.5918 4.6939 4.7959 4.898 5
